1 0.000035 28321.388672
2 0.000022 89409.453125
3 0.000037 80908.328125
4 0.000015 271370.437500
5 0.000048 104223.117188
6 0.000049 122726.992188
7 0.000050 140720.500000
8 0.000015 540504.000000
9 0.000048 187363.390625
10 0.000049 204290.078125
11 0.000050 220865.796875
12 0.000015 807428.312500
13 0.000048 270118.656250
14 0.000049 285825.125000
15 0.000050 300625.281250
16 0.000015 1069947.875000
17 0.000048 353004.687500
18 0.000049 366807.937500
19 0.000050 380548.000000
20 0.000015 1329433.625000
21 0.000048 435251.218750
22 0.000049 448046.937500
23 0.000050 460110.406250
24 0.000015 1588562.375000
25 0.000048 517512.625000
26 0.000049 528197.625000
27 0.000050 539158.875000
28 0.000015 1842347.750000
29 0.000048 599173.562500
30 0.000049 608321.812500
31 0.000050 617874.500000
32 0.000016 1945525.250000
33 0.000050 665000.812500
34 0.000051 672361.937500
35 0.000051 681039.875000
36 0.000017 2172338.750000
37 0.000050 743330.187500
38 0.000051 750572.812500
39 0.000051 757516.937500
40 0.000017 2396357.500000
41 0.000050 822698.500000
42 0.000051 827553.625000
43 0.000052 833721.125000
44 0.000017 2602318.500000
45 0.000050 900720.562500
46 0.000051 903165.000000
47 0.000052 908107.312500
48 0.000017 2818886.500000
49 0.000050 978512.687500
50 0.000051 980546.000000
51 0.000052 984176.000000
52 0.000017 3010653.250000
53 0.000050 1054432.625000
54 0.000051 1056420.750000
55 0.000052 1057041.750000
56 0.000017 3225063.250000
57 0.000050 1131311.625000
58 0.000051 1132016.625000
59 0.000052 1131829.375000
60 0.000018 3425439.500000
61 0.000051 1206296.500000
62 0.000051 1207165.125000
63 0.000052 1205049.750000
64 0.000018 3615002.250000
65 0.000051 1279930.750000
66 0.000052 1278277.000000
67 0.000052 1276482.250000
68 0.000018 3808243.750000
69 0.000051 1357840.000000
70 0.000052 1352395.750000
71 0.000053 1350220.625000
72 0.000018 3985828.250000
73 0.000051 1428906.875000
74 0.000052 1424830.500000
75 0.000053 1418949.625000
76 0.000018 4185021.750000
77 0.000051 1503671.250000
78 0.000052 1497235.875000
79 0.000053 1491241.375000
80 0.000018 4368720.000000
81 0.000051 1579809.625000
82 0.000052 1571122.125000
83 0.000053 1563913.125000
84 0.000018 4543488.000000
85 0.000052 1649076.500000
86 0.000052 1641472.000000
87 0.000053 1633618.750000
88 0.000019 4719004.500000
89 0.000052 1723470.250000
90 0.000052 1714677.750000
91 0.000053 1703864.625000
92 0.000019 4868755.000000
93 0.000052 1792598.375000
94 0.000053 1782734.000000
95 0.000054 1771594.750000
96 0.000019 5056890.000000
97 0.000052 1865384.625000
98 0.000053 1851852.000000
99 0.000054 1840970.000000
100 0.000019 5234506.000000
101 0.000052 1938728.375000
102 0.000053 1923076.875000
103 0.000054 1912507.375000
104 0.000019 5383023.000000
105 0.000052 2005960.500000
106 0.000053 1993980.375000
107 0.000054 1977672.625000
108 0.000019 5555555.000000
109 0.000052 2076348.625000
110 0.000053 2063325.375000
111 0.000054 2049180.250000
112 0.000020 5698005.500000
113 0.000053 2146656.500000
114 0.000054 2129726.500000
115 0.000054 2110866.250000
116 0.000020 5865696.000000
117 0.000053 2217253.000000
118 0.000054 2198211.750000
119 0.000055 2181085.250000
120 0.000020 6028939.000000
121 0.000053 2289238.750000
122 0.000054 2267658.000000
123 0.000055 2249122.250000
124 0.000020 6165473.500000
125 0.000053 2353871.750000
126 0.000054 2332642.250000
127 0.000055 2312791.250000
128 0.000020 6329114.500000
129 0.000053 2421898.500000
130 0.000054 2403846.250000
131 0.000055 2380087.250000
132 0.000020 6455399.500000
133 0.000053 2486539.000000
134 0.000054 2465410.750000
135 0.000055 2443527.250000
136 0.000021 6614785.500000
137 0.000054 2557497.000000
138 0.000054 2535273.500000
139 0.000055 2512290.250000
140 0.000021 6751543.500000
141 0.000054 2625111.750000
142 0.000055 2601113.750000
143 0.000055 2577133.750000
144 0.000021 6891270.500000
145 0.000054 2690766.000000
146 0.000055 2663456.000000
147 0.000056 2639327.750000
148 0.000021 7034220.500000
149 0.000054 2756808.500000
150 0.000055 2729257.500000
151 0.000056 2704929.750000
152 0.000021 7148231.500000
153 0.000054 2817472.000000
154 0.000055 2791473.500000
155 0.000056 2766276.500000
156 0.000021 7292445.500000
157 0.000054 2886878.500000
158 0.000055 2858176.500000
159 0.000056 2833618.500000
160 0.000022 7434944.500000
161 0.000055 2953478.000000
162 0.000055 2923765.500000
163 0.000056 2896644.750000
164 0.000022 7558997.000000
165 0.000055 3015351.000000
166 0.000056 2985611.750000
167 0.000057 2954288.250000
168 0.000022 7686676.500000
169 0.000055 3082142.000000
170 0.000056 3050531.250000
171 0.000057 3019068.000000
172 0.000022 7795504.000000
173 0.000055 3140430.000000
174 0.000056 3108919.250000
175 0.000057 3079251.250000
176 0.000022 7930786.000000
177 0.000055 3207451.500000
178 0.000056 3174943.000000
179 0.000057 3145206.500000
180 0.000022 8064516.000000
181 0.000055 3273292.750000
182 0.000056 3237973.250000
183 0.000057 3204679.250000
184 0.000022 8179231.500000
185 0.000055 3334054.000000
186 0.000056 3297872.250000
187 0.000057 3262842.000000
188 0.000023 8298023.000000
189 0.000056 3397325.500000
190 0.000057 3360215.250000
191 0.000057 3326135.500000
192 0.000023 8403361.000000
193 0.000056 3455313.500000
194 0.000057 3417418.250000
195 0.000058 3384476.750000
196 0.000023 8530640.000000
197 0.000056 3518862.500000
198 0.000057 3481992.000000
199 0.000058 3447200.500000
200 0.000023 8656509.000000
201 0.000056 3581100.500000
202 0.000057 3545352.250000
203 0.000058 3506771.500000
204 0.000023 8750858.000000
205 0.000056 3638881.000000
206 0.000057 3605432.750000
207 0.000058 3562087.000000
208 0.000023 8873720.000000
209 0.000056 3699376.750000
210 0.000057 3664154.000000
211 0.000058 3627923.000000
212 0.000024 8964818.000000
213 0.000057 3758469.750000
214 0.000058 3720445.000000
215 0.000058 3681506.750000
216 0.000024 9084792.000000
217 0.000057 3822576.000000
218 0.000058 3781571.000000
219 0.000059 3738732.750000
220 0.000024 9203481.000000
221 0.000057 3885372.500000
222 0.000058 3843490.250000
223 0.000059 3801827.750000
224 0.000024 9289980.000000
225 0.000057 3935768.250000
226 0.000058 3897627.000000
227 0.000059 3854251.250000
228 0.000024 9418374.000000
229 0.000057 4000139.750000
230 0.000058 3957874.500000
231 0.000059 3915785.250000
232 0.000024 9489529.000000
233 0.000057 4054147.750000
234 0.000058 4010145.250000
235 0.000059 3969594.500000
236 0.000025 9602864.000000
237 0.000058 4114583.500000
238 0.000058 4073110.500000
239 0.000059 4024111.000000
240 0.000025 9715026.000000
241 0.000058 4179384.250000
242 0.000059 4128002.250000
243 0.000059 4089256.750000
244 0.000025 9800771.000000
245 0.000058 4229972.000000
246 0.000059 4182535.250000
247 0.000060 4138740.000000
248 0.000025 9910486.000000
249 0.000058 4287190.000000
250 0.000059 4245923.500000
251 0.000060 4196763.000000
252 0.000025 9980988.000000
253 0.000058 4344093.500000
254 0.000059 4292861.000000
255 0.000060 4247734.500000
256 0.000025 10088273.000000
257 0.000058 4400685.000000
258 0.000059 4353402.000000
259 0.000060 4305186.000000
260 0.000026 10194479.000000
261 0.000058 4464286.000000
262 0.000059 4408993.000000
263 0.000060 4364710.500000
264 0.000026 10261194.000000
265 0.000059 4510484.500000
266 0.000060 4461889.500000
267 0.000061 4412348.000000
268 0.000026 10390819.000000
269 0.000059 4568614.000000
270 0.000060 4521704.000000
271 0.000061 4471357.000000
272 0.000026 10442260.000000
273 0.000059 4621479.000000
274 0.000060 4569103.500000
275 0.000061 4518270.000000
276 0.000026 10544010.000000
277 0.000059 4681584.500000
278 0.000060 4630863.500000
279 0.000061 4576771.500000
280 0.000026 10644770.000000
281 0.000059 4738936.500000
282 0.000060 4685008.000000
283 0.000061 4632661.000000
284 0.000026 10718599.000000
285 0.000059 4793461.000000
286 0.000060 4733845.000000
287 0.000061 4683420.500000
288 0.000027 10804322.000000
289 0.000060 4845091.500000
290 0.000061 4789905.000000
291 0.000061 4741267.000000
292 0.000027 10863095.000000
293 0.000060 4893773.500000
294 0.000061 4840621.500000
295 0.000062 4786474.500000
296 0.000027 10972716.000000
297 0.000060 4950000.000000
298 0.000061 4896162.000000
299 0.000062 4846343.000000
300 0.000027 11068477.000000
301 0.000060 5008652.500000
302 0.000061 4954068.500000
303 0.000062 4898474.000000
304 0.000027 11137163.000000
305 0.000060 5053685.000000
306 0.000061 5001307.500000
307 0.000062 4945232.000000
308 0.000027 11231038.000000
309 0.000060 5109127.000000
310 0.000061 5056106.500000
311 0.000062 5001930.000000
312 0.000028 11271676.000000
313 0.000061 5158887.000000
314 0.000062 5102704.500000
315 0.000062 5045489.500000
316 0.000028 11389850.000000
317 0.000061 5216561.000000
318 0.000062 5162338.000000
319 0.000063 5099105.000000
320 0.000028 11481056.000000
321 0.000061 5271282.000000
322 0.000062 5211030.500000
323 0.000063 5152501.500000
324 0.000028 11518771.000000
325 0.000061 5314626.000000
326 0.000062 5253997.000000
327 0.000063 5197736.000000
328 0.000028 11621315.000000
329 0.000061 5374412.000000
330 0.000062 5310247.500000
331 0.000063 5250634.500000
332 0.000028 11657303.000000
333 0.000061 5417100.500000
334 0.000062 5358059.500000
335 0.000063 5297950.500000
336 0.000029 11758119.000000
337 0.000062 5470779.500000
338 0.000062 5413890.000000
339 0.000063 5355788.500000
340 0.000029 11858259.000000
341 0.000062 5527100.500000
342 0.000063 5463957.000000
343 0.000063 5402596.000000
344 0.000029 11891593.000000
345 0.000062 5571705.500000
346 0.000063 5510958.500000
347 0.000064 5449120.500000
348 0.000029 11990078.000000
349 0.000062 5624678.000000
350 0.000063 5563326.000000
351 0.000064 5500877.500000
352 0.000029 12048193.000000
353 0.000062 5668679.000000
354 0.000063 5609787.000000
355 0.000064 5546875.000000
356 0.000029 12118736.000000
357 0.000062 5718221.500000
358 0.000063 5661690.000000
359 0.000064 5595386.500000
360 0.000030 12201736.000000
361 0.000062 5779329.000000
362 0.000063 5710500.000000
363 0.000064 5649278.000000
364 0.000030 12270766.000000
365 0.000063 5819515.500000
366 0.000064 5753270.000000
367 0.000064 5691687.000000
368 0.000030 12339056.000000
369 0.000063 5871308.000000
370 0.000064 5804467.500000
371 0.000065 5745168.500000
372 0.000030 12367021.000000
373 0.000063 5913876.000000
374 0.000064 5852528.500000
375 0.000065 5784181.000000
376 0.000030 12460233.000000
377 0.000063 5965190.500000
378 0.000064 5900349.000000
379 0.000065 5837234.500000
380 0.000030 12539599.000000
381 0.000063 6016296.000000
382 0.000064 5950897.500000
383 0.000065 5884341.500000
384 0.000030 12591816.000000
385 0.000064 6058031.500000
386 0.000064 5992300.500000
387 0.000065 5925404.000000
388 0.000031 12656576.000000
389 0.000064 6117891.500000
390 0.000065 6042389.500000
391 0.000065 5977862.000000
392 0.000031 12694300.000000
393 0.000064 6152930.500000
394 0.000065 6086258.000000
395 0.000066 6015472.500000
396 0.000031 12770898.000000
397 0.000064 6206228.000000
398 0.000065 6129866.500000
399 0.000066 6070472.000000
400 0.000031 12860083.000000
401 0.000064 6253119.000000
402 0.000065 6185376.500000
403 0.000066 6119412.000000
404 0.000031 12908998.000000
405 0.000064 6290383.000000
406 0.000065 6225466.500000
407 0.000066 6156220.000000
408 0.000031 12970498.000000
409 0.000064 6346201.500000
410 0.000065 6277560.000000
411 0.000066 6207709.000000
412 0.000032 13018200.000000
413 0.000065 6389232.500000
414 0.000066 6310976.000000
415 0.000066 6250000.500000
416 0.000032 13118063.000000
417 0.000065 6435185.500000
418 0.000066 6365740.500000
419 0.000067 6295072.000000
420 0.000032 13164493.000000
421 0.000065 6480911.000000
422 0.000066 6414153.500000
423 0.000067 6346015.500000
424 0.000032 13210369.000000
425 0.000065 6529622.000000
426 0.000066 6452981.000000
427 0.000067 6381515.500000
428 0.000032 13282025.000000
429 0.000065 6578141.000000
430 0.000066 6497824.000000
431 0.000067 6432067.500000
432 0.000032 13326753.000000
433 0.000065 6613514.500000
434 0.000066 6542451.000000
435 0.000067 6473215.000000
436 0.000033 13384087.000000
437 0.000066 6664836.500000
438 0.000066 6593208.500000
439 0.000067 6523419.000000
440 0.000033 13467189.000000
441 0.000066 6709469.000000
442 0.000067 6640625.000000
443 0.000067 6564130.000000
444 0.000033 13483965.000000
445 0.000066 6747331.500000
446 0.000067 6681448.000000
447 0.000068 6601488.000000
448 0.000033 13565893.000000
449 0.000066 6801381.500000
450 0.000067 6722036.000000
451 0.000068 6651132.500000
452 0.000033 13568684.000000
453 0.000066 6838768.500000
454 0.000067 6762393.000000
455 0.000068 6688030.000000
456 0.000033 13649425.000000
457 0.000066 6889170.500000
458 0.000067 6808991.500000
459 0.000068 6734155.000000
460 0.000034 13716604.000000
461 0.000066 6936085.500000
462 0.000067 6858670.000000
463 0.000068 6783286.500000
464 0.000034 13770180.000000
465 0.000067 6969424.500000
466 0.000068 6891860.000000
467 0.000068 6819509.000000
468 0.000034 13849432.000000
469 0.000067 7026006.500000
470 0.000068 6934608.000000
471 0.000069 6871498.500000
472 0.000034 13836773.000000
473 0.000067 7052123.500000
474 0.000068 6987028.000000
475 0.000069 6897653.500000
476 0.000034 13927903.000000
477 0.000067 7098215.000000
478 0.000068 7026106.000000
479 0.000069 6949280.000000
480 0.000034 13992537.000000
481 0.000067 7144130.000000
482 0.000068 7064962.500000
483 0.000069 6994323.500000
484 0.000034 14030613.000000
485 0.000068 7183057.000000
486 0.000068 7103602.000000
487 0.000069 7026200.000000
488 0.000035 14094271.000000
489 0.000068 7242298.500000
490 0.000069 7148692.500000
491 0.000069 7077375.500000
492 0.000035 14105504.000000
493 0.000068 7267098.500000
494 0.000069 7193616.000000
495 0.000070 7102272.000000
496 0.000035 14168191.000000
497 0.000068 7312264.500000
498 0.000069 7238372.000000
499 0.000070 7153096.000000
500 0.000035 14256387.000000
501 0.000068 7357260.500000
502 0.000069 7276206.000000
503 0.000070 7203826.500000
504 0.000035 14292195.000000
505 0.000068 7395150.000000
506 0.000069 7307070.500000
507 0.000070 7234589.500000
508 0.000035 14327616.000000
509 0.000068 7446746.500000
510 0.000069 7351245.500000
511 0.000070 7285013.500000
512 0.000036 14362658.000000
513 0.000069 7470293.500000
514 0.000070 7388454.500000
515 0.000070 7315341.000000
516 0.000041 12442130.000000
517 0.000076 6794050.000000
518 0.000077 6727971.500000
519 0.000078 6663414.500000
520 0.000042 12519260.000000
521 0.000076 6840861.000000
522 0.000077 6774294.000000
523 0.000078 6714770.000000
524 0.000042 12596154.000000
525 0.000076 6881816.000000
526 0.000077 6820539.500000
527 0.000078 6760571.000000
528 0.000042 12672811.000000
529 0.000076 6934249.000000
530 0.000077 6866708.000000
531 0.000078 6800717.500000
532 0.000042 12768817.000000
533 0.000076 6974979.000000
534 0.000077 6901364.500000
535 0.000078 6846335.500000
536 0.000043 12593985.000000
537 0.000077 6992187.500000
538 0.000078 6924423.500000
539 0.000079 6852623.500000
540 0.000043 12668919.000000
541 0.000077 7038406.000000
542 0.000078 6970164.000000
543 0.000079 6903478.000000
544 0.000044 12500001.000000
545 0.000078 6968596.500000
546 0.000079 6902306.000000
547 0.000080 6837500.000000
548 0.000044 12554985.000000
549 0.000078 7002551.000000
550 0.000079 6941640.000000
551 0.000080 6876498.000000
552 0.000044 12609648.000000
553 0.000078 7047818.000000
554 0.000079 6980847.000000
555 0.000080 6920889.500000
556 0.000044 12645560.000000
557 0.000079 7081468.000000
558 0.000080 7008641.500000
559 0.000080 6948588.000000
560 0.000044 12681159.000000
561 0.000079 7114956.000000
562 0.000080 7053212.500000
563 0.000081 6987192.500000
564 0.000044 12716450.000000
565 0.000079 7148279.500000
566 0.000080 7080664.500000
567 0.000081 7014549.000000
568 0.000044 12769784.000000
569 0.000079 7193062.500000
570 0.000080 7125000.000000
571 0.000081 7058446.000000
572 0.000045 12841235.000000
573 0.000079 7231926.500000
574 0.000080 7163538.500000
575 0.000081 7096662.500000
576 0.000045 12857143.000000
577 0.000079 7258957.000000
578 0.000080 7190485.500000
579 0.000081 7129137.000000
580 0.000045 12927960.000000
581 0.000080 7297528.000000
582 0.000080 7234487.000000
583 0.000081 7161458.000000
584 0.000045 12943263.000000
585 0.000080 7330092.000000
586 0.000081 7266864.500000
587 0.000082 7193627.000000
588 0.000045 12976696.000000
589 0.000080 7368395.000000
590 0.000081 7299090.000000
591 0.000082 7236971.000000
592 0.000045 13046544.000000
593 0.000080 7412500.000000
594 0.000081 7336957.000000
595 0.000082 7274550.500000
596 0.000046 13061009.000000
597 0.000080 7432769.000000
598 0.000081 7368888.000000
599 0.000082 7300604.500000
600 0.000046 13130252.000000
601 0.000080 7476612.000000
602 0.000081 7406496.000000
603 0.000082 7337909.000000
604 0.000046 13144150.000000
605 0.000081 7508439.500000
606 0.000081 7438138.000000
607 0.000082 7369366.500000
608 0.000046 13212795.000000
609 0.000081 7540115.000000
610 0.000082 7475490.000000
611 0.000083 7400678.500000
612 0.000046 13244459.000000
613 0.000081 7577631.000000
614 0.000082 7506847.000000
615 0.000083 7443357.500000
616 0.000046 13275862.000000
617 0.000081 7609017.500000
618 0.000082 7532176.500000
619 0.000083 7474401.500000
620 0.000047 13325310.000000
621 0.000081 7646276.500000
622 0.000082 7580928.500000
623 0.000083 7511092.000000
624 0.000047 13356164.000000
625 0.000081 7671347.000000
626 0.000082 7605948.500000
627 0.000083 7536057.500000
628 0.000047 13405055.000000
629 0.000082 7714383.500000
630 0.000082 7648601.000000
631 0.000083 7578305.000000
632 0.000047 13453678.000000
633 0.000082 7757352.500000
634 0.000082 7685221.000000
635 0.000083 7608799.500000
636 0.000047 13465447.000000
637 0.000082 7781958.500000
638 0.000083 7703825.500000
639 0.000084 7639154.500000
640 0.000047 13531800.000000
641 0.000082 7818599.000000
642 0.000083 7746139.500000
643 0.000084 7681097.500000
644 0.000048 13543069.000000
645 0.000082 7842898.500000
646 0.000083 7776386.500000
647 0.000084 7705316.500000
648 0.000048 13590604.000000
649 0.000082 7879273.500000
650 0.000083 7806495.000000
651 0.000084 7741153.000000
652 0.000048 13637885.000000
653 0.000082 7921681.000000
654 0.000083 7848502.500000
655 0.000084 7782795.000000
656 0.000048 13666666.000000
657 0.000083 7945530.500000
658 0.000084 7872319.500000
659 0.000085 7794757.500000
660 0.000048 13713431.000000
661 0.000083 7981549.500000
662 0.000084 7914116.000000
663 0.000085 7836138.500000
664 0.000048 13723545.000000
665 0.000083 8011276.500000
666 0.000084 7937643.000000
667 0.000085 7865566.000000
668 0.000048 13787979.000000
669 0.000083 8047055.500000
670 0.000084 7973153.000000
671 0.000085 7900810.500000
672 0.000049 13833991.000000
673 0.000083 8082725.000000
674 0.000084 8008555.500000
675 0.000085 7935948.000000
676 0.000049 13861549.000000
677 0.000084 8105842.500000
678 0.000084 8031652.500000
679 0.000085 7959021.000000
680 0.000049 13907068.000000
681 0.000084 8141258.500000
682 0.000084 8079037.000000
683 0.000085 8005907.500000
684 0.000049 13916016.000000
685 0.000084 8164092.500000
686 0.000085 8095732.500000
687 0.000086 8022702.000000
688 0.000049 13961039.000000
689 0.000084 8211766.000000
690 0.000085 8130656.500000
691 0.000086 8063387.000000
692 0.000049 14005829.000000
693 0.000084 8246858.500000
694 0.000085 8177790.500000
695 0.000086 8097968.500000
696 0.000050 14014176.000000
697 0.000084 8269267.000000
698 0.000085 8187875.500000
699 0.000086 8126395.000000
700 0.000050 14076577.000000
701 0.000084 8310413.000000
702 0.000085 8228619.500000
703 0.000086 8154696.000000
704 0.000050 14102564.000000
705 0.000085 8332545.500000
706 0.000086 8256923.000000
707 0.000086 8182870.000000
708 0.000050 14146419.000000
709 0.000085 8360849.000000
710 0.000086 8291293.500000
711 0.000087 8216993.000000
712 0.000050 14190052.000000
713 0.000085 8408019.000000
714 0.000086 8325560.000000
715 0.000087 8251015.500000
716 0.000050 14215375.000000
717 0.000085 8436088.000000
718 0.000086 8353499.500000
719 0.000087 8278832.000000
720 0.000051 14240506.000000
721 0.000085 8464031.000000
722 0.000086 8381315.000000
723 0.000087 8312638.500000
724 0.000051 14265448.000000
725 0.000085 8491848.000000
726 0.000086 8409006.000000
727 0.000087 8334097.500000
728 0.000051 14308176.000000
729 0.000086 8519540.000000
730 0.000086 8449074.000000
731 0.000087 8373808.500000
732 0.000051 14368719.000000
733 0.000086 8559884.000000
734 0.000087 8482803.000000
735 0.000087 8413462.000000
736 0.000051 14375001.000000
737 0.000086 8580943.000000
738 0.000087 8510148.000000
739 0.000088 8434533.000000
740 0.000051 14417083.000000
741 0.000086 8614676.000000
742 0.000087 8537371.000000
743 0.000088 8467816.000000
744 0.000052 14423077.000000
745 0.000086 8641890.000000
746 0.000087 8558186.000000
747 0.000088 8488636.000000
748 0.000052 14482652.000000
749 0.000086 8681843.000000
750 0.000087 8597762.000000
751 0.000088 8527889.000000
752 0.000052 14524104.000000
753 0.000086 8708827.000000
754 0.000087 8630952.000000
755 0.000088 8560867.000000
756 0.000052 14547414.000000
757 0.000087 8735691.000000
758 0.000088 8651388.000000
759 0.000088 8581313.000000
760 0.000052 14588452.000000
761 0.000087 8762436.000000
762 0.000088 8690694.000000
763 0.000089 8614072.000000
764 0.000052 14593521.000000
765 0.000087 8795530.000000
766 0.000088 8717225.000000
767 0.000089 8634276.000000
768 0.000052 14652014.000000
769 0.000087 8822045.000000
770 0.000088 8750000.000000
771 0.000089 8673056.000000
772 0.000053 14674575.000000
773 0.000087 8854930.000000
774 0.000088 8782680.000000
775 0.000089 8705518.000000
776 0.000053 14696970.000000
777 0.000087 8881217.000000
778 0.000088 8796128.000000
779 0.000089 8725358.000000
780 0.000053 14737001.000000
781 0.000088 8913897.000000
782 0.000088 8841353.000000
783 0.000089 8763879.000000
784 0.000053 14741276.000000
785 0.000088 8939960.000000
786 0.000089 8860931.000000
787 0.000090 8783482.000000
788 0.000053 14798678.000000
789 0.000088 8972434.000000
790 0.000089 8893192.000000
791 0.000090 8821824.000000
792 0.000053 14838130.000000
793 0.000088 9004815.000000
794 0.000089 8925360.000000
795 0.000090 8853796.000000
796 0.000054 14859617.000000
797 0.000088 9030548.000000
798 0.000089 8944584.000000
799 0.000090 8873045.000000
800 0.000054 14880953.000000
801 0.000088 9062726.000000
802 0.000089 8982975.000000
803 0.000090 8904808.000000
804 0.000054 14902135.000000
805 0.000089 9088241.000000
806 0.000089 9008405.000000
807 0.000090 8930152.000000
808 0.000054 14940829.000000
809 0.000089 9113645.000000
810 0.000090 9033726.000000
811 0.000090 8961722.000000
812 0.000054 14997045.000000
813 0.000089 9152107.000000
814 0.000090 9071862.000000
815 0.000091 8993203.000000
816 0.000054 15000000.000000
817 0.000089 9177301.000000
818 0.000090 9084044.000000
819 0.000091 9011884.000000
820 0.000055 15038145.000000
821 0.000089 9208991.000000
822 0.000090 9128465.000000
823 0.000091 9049525.000000
824 0.000055 15058480.000000
825 0.000089 9227362.000000
826 0.000090 9146881.000000
827 0.000091 9067982.000000
828 0.000055 15078671.000000
829 0.000090 9258846.000000
830 0.000090 9178167.000000
831 0.000091 9099071.000000
832 0.000055 15116280.000000
833 0.000090 9290239.000000
834 0.000091 9209364.000000
835 0.000091 9136467.000000
836 0.000055 15136154.000000
837 0.000090 9308274.000000
838 0.000091 9227449.000000
839 0.000092 9154592.000000
840 0.000055 15173410.000000
841 0.000090 9346106.000000
842 0.000091 9264965.000000
843 0.000092 9185408.000000
844 0.000056 15192973.000000
845 0.000090 9363919.000000
846 0.000091 9282830.000000
847 0.000092 9209725.000000
848 0.000056 15229885.000000
849 0.000090 9401576.000000
850 0.000091 9313639.000000
851 0.000092 9240358.000000
852 0.000056 15266629.000000
853 0.000090 9432501.000000
854 0.000091 9344363.000000
855 0.000092 9270906.000000
856 0.000056 15285714.000000
857 0.000091 9443318.000000
858 0.000092 9368449.000000
859 0.000092 9288495.000000
860 0.000056 15322121.000000
861 0.000091 9487394.000000
862 0.000092 9405552.000000
863 0.000093 9325294.000000
864 0.000056 15340909.000000
865 0.000091 9504659.000000
866 0.000092 9422876.000000
867 0.000093 9349120.000000
868 0.000056 15376984.000000
869 0.000091 9535200.000000
870 0.000092 9453233.000000
871 0.000093 9372848.000000
872 0.000057 15395481.000000
873 0.000091 9565655.000000
874 0.000092 9483507.000000
875 0.000093 9409412.000000
876 0.000057 15431229.000000
877 0.000092 9582605.000000
878 0.000092 9507103.000000
879 0.000093 9426475.000000
880 0.000057 15466816.000000
881 0.000092 9626311.000000
882 0.000092 9543801.000000
883 0.000093 9456391.000000
884 0.000057 15467525.000000
885 0.000092 9643044.000000
886 0.000093 9560601.000000
887 0.000094 9479737.000000
888 0.000057 15502793.000000
889 0.000092 9673137.000000
890 0.000093 9590517.000000
891 0.000094 9509478.000000
892 0.000057 15537904.000000
893 0.000092 9696404.000000
894 0.000093 9613730.000000
895 0.000094 9539137.000000
896 0.000058 15555556.000000
897 0.000092 9719574.000000
898 0.000093 9636847.000000
899 0.000094 9555697.000000
900 0.000058 15590355.000000
901 0.000092 9756150.000000
902 0.000093 9673129.000000
903 0.000094 9585173.000000
904 0.000058 15607734.000000
905 0.000093 9772374.000000
906 0.000093 9696062.000000
907 0.000094 9608050.000000
908 0.000058 15642228.000000
909 0.000093 9802018.000000
910 0.000094 9718900.000000
911 0.000095 9637356.000000
912 0.000058 15676568.000000
913 0.000093 9831582.000000
914 0.000094 9748294.000000
915 0.000095 9673123.000000
916 0.000058 15676342.000000
917 0.000093 9854281.000000
918 0.000094 9770947.000000
919 0.000095 9689187.000000
920 0.000059 15710383.000000
921 0.000093 9890463.000000
922 0.000094 9800170.000000
923 0.000095 9718245.000000
924 0.000059 15727124.000000
925 0.000093 9906186.000000
926 0.000094 9815976.000000
927 0.000095 9734123.000000
928 0.000059 15778020.000000
929 0.000094 9928608.000000
930 0.000094 9851694.000000
931 0.000095 9769560.000000
932 0.000059 15794469.000000
933 0.000094 9957736.000000
934 0.000095 9873985.000000
935 0.000095 9804949.000000
936 0.000059 15793737.000000
937 0.000094 9973177.000000
938 0.000095 9889507.000000
939 0.000096 9820532.000000
940 0.000059 15827047.000000
941 0.000094 10015752.000000
942 0.000095 9931680.000000
943 0.000096 9849181.000000
944 0.000060 15860215.000000
945 0.000094 10030995.000000
946 0.000095 9947006.000000
947 0.000096 9864583.000000
948 0.000060 15893241.000000
949 0.000094 10059786.000000
950 0.000095 9975638.000000
951 0.000096 9893059.000000
952 0.000060 15926124.000000
953 0.000094 10088500.000000
954 0.000095 10004194.000000
955 0.000096 9921459.000000
956 0.000060 15924841.000000
957 0.000095 10103463.000000
958 0.000096 10019244.000000
959 0.000097 9936588.000000
960 0.000060 15957447.000000
961 0.000095 10145693.000000
962 0.000096 10061078.000000
963 0.000097 9964818.000000
964 0.000060 15989915.000000
965 0.000095 10160462.000000
966 0.000096 10075935.000000
967 0.000097 9979772.000000
968 0.000060 16022245.000000
969 0.000095 10188846.000000
970 0.000096 10090712.000000
971 0.000097 10021053.000000
972 0.000061 16054440.000000
973 0.000095 10217153.000000
974 0.000096 10118850.000000
975 0.000097 10049060.000000
976 0.000061 16052631.000000
977 0.000095 10231653.000000
978 0.000097 10133455.000000
979 0.000097 10063733.000000
980 0.000061 16084559.000000
981 0.000095 10273543.000000
982 0.000097 10174901.000000
983 0.000097 10091574.000000
984 0.000061 16082636.000000
985 0.000096 10274116.000000
986 0.000097 10189319.000000
987 0.000098 10119341.000000
988 0.000061 16148012.000000
989 0.000096 10302083.000000
990 0.000097 10230654.000000
991 0.000098 10147035.000000
992 0.000061 16179541.000000
993 0.000096 10343750.000000
994 0.000097 10258421.000000
995 0.000098 10174657.000000
996 0.000062 16143672.000000
997 0.000096 10357796.000000
998 0.000097 10272562.000000
999 0.000098 10188887.000000
1000 0.000062 16208506.000000
1001 0.000096 10385541.000000
1002 0.000097 10300164.000000
1003 0.000098 10216346.000000
1004 0.000062 16206095.000000
1005 0.000097 10399421.000000
1006 0.000098 10314141.000000
1007 0.000098 10243734.000000
1008 0.000062 16237114.000000
1009 0.000097 10427000.000000
1010 0.000098 10355152.000000
1011 0.000099 10257711.000000
1012 0.000062 16268005.000000
1013 0.000097 10454508.000000
1014 0.000098 10382536.000000
1015 0.000099 10284939.000000
1016 0.000062 16265368.000000
1017 0.000097 10481943.000000
1018 0.000098 10382669.000000
1019 0.000099 10312095.000000
1020 0.000063 16296012.000000
1021 0.000097 10509304.000000
1022 0.000098 10423466.000000
1023 0.000099 10339182.000000
1024 0.000063 16326531.000000
1025 0.000097 10522750.000000
1026 0.000098 10437012.000000
1027 0.000099 10352822.000000
1028 0.000068 15210701.000000
1029 0.000102 10074013.000000
1030 0.000103 9996118.000000
1031 0.000104 9919566.000000
1032 0.000068 15269887.000000
1033 0.000102 10100517.000000
1034 0.000103 10010068.000000
1035 0.000104 9945802.000000
1036 0.000068 15300094.000000
1037 0.000102 10126954.000000
1038 0.000103 10048792.000000
1039 0.000104 9984240.000000
1040 0.000068 15330188.000000
1041 0.000102 10166016.000000
1042 0.000103 10075031.000000
1043 0.000104 10010365.000000
1044 0.000068 15360169.000000
1045 0.000103 10192338.000000
1046 0.000103 10113707.000000
1047 0.000104 10048756.000000
1048 0.000069 15246741.000000
1049 0.000103 10193174.000000
1050 0.000104 10127315.000000
1051 0.000105 10050107.000000
1052 0.000069 15304935.000000
1053 0.000103 10232043.000000
1054 0.000104 10153360.000000
1055 0.000105 10088357.000000
1056 0.000070 15137614.000000
1057 0.000104 10132286.000000
1058 0.000105 10067753.000000
1059 0.000106 9992074.000000
1060 0.000070 15194953.000000
1061 0.000104 10158165.000000
1062 0.000105 10081258.000000
1063 0.000106 10017717.000000
1064 0.000070 15224358.000000
1065 0.000104 10196461.000000
1066 0.000105 10119229.000000
1067 0.000106 10043298.000000
1068 0.000070 15225821.000000
1069 0.000105 10209734.000000
1070 0.000106 10132576.000000
1071 0.000106 10056716.000000
1072 0.000070 15255009.000000
1073 0.000105 10235424.000000
1074 0.000106 10158141.000000
1075 0.000107 10070069.000000
1076 0.000070 15284091.000000
1077 0.000105 10248553.000000
1078 0.000106 10171347.000000
1079 0.000107 10095434.000000
1080 0.000071 15285326.000000
1081 0.000105 10274103.000000
1082 0.000106 10196773.000000
1083 0.000107 10120738.000000
1084 0.000071 15341938.000000
1085 0.000105 10299590.000000
1086 0.000106 10222139.000000
1087 0.000107 10145982.000000
1088 0.000071 15342959.000000
1089 0.000106 10312500.000000
1090 0.000106 10247443.000000
1091 0.000107 10159044.000000
1092 0.000071 15371622.000000
1093 0.000106 10350379.000000
1094 0.000106 10272686.000000
1095 0.000107 10196290.000000
1096 0.000071 15372532.000000
1097 0.000106 10350619.000000
1098 0.000107 10273203.000000
1099 0.000108 10209201.000000
1100 0.000071 15400985.000000
1101 0.000106 10400922.000000
1102 0.000107 10322992.000000
1103 0.000108 10234189.000000
1104 0.000072 15429338.000000
1105 0.000106 10413525.000000
1106 0.000107 10323327.000000
1107 0.000108 10271303.000000
1108 0.000072 15457590.000000
1109 0.000106 10426068.000000
1110 0.000107 10360663.000000
1111 0.000108 10283990.000000
1112 0.000072 15485739.000000
1113 0.000106 10463674.000000
1114 0.000107 10373212.000000
1115 0.000108 10296617.000000
1116 0.000072 15486236.000000
1117 0.000107 10463504.000000
1118 0.000108 10385702.000000
1119 0.000108 10321355.000000
1120 0.000072 15514184.000000
1121 0.000107 10500974.000000
1122 0.000108 10422860.000000
1123 0.000109 10346035.000000
1124 0.000072 15542036.000000
1125 0.000107 10525823.000000
1126 0.000108 10447595.000000
1127 0.000109 10370657.000000
1128 0.000073 15542327.000000
1129 0.000107 10538008.000000
1130 0.000108 10472272.000000
1131 0.000109 10395221.000000
1132 0.000073 15597442.000000
1133 0.000107 10562724.000000
1134 0.000108 10484468.000000
1135 0.000109 10407497.000000
1136 0.000073 15570176.000000
1137 0.000108 10574777.000000
1138 0.000108 10509013.000000
1139 0.000109 10431932.000000
1140 0.000073 15625000.000000
1141 0.000108 10611979.000000
1142 0.000108 10533501.000000
1143 0.000109 10444079.000000
1144 0.000073 15652365.000000
1145 0.000108 10623886.000000
1146 0.000109 10557930.000000
1147 0.000109 10480629.000000
1148 0.000073 15652268.000000
1149 0.000108 10648354.000000
1150 0.000109 10569853.000000
1151 0.000110 10480405.000000
1152 0.000073 15679442.000000
1153 0.000108 10672764.000000
1154 0.000109 10594153.000000
1155 0.000110 10504584.000000
1156 0.000074 15679252.000000
1157 0.000108 10684471.000000
1158 0.000109 10605950.000000
1159 0.000110 10528707.000000
1160 0.000074 15733506.000000
1161 0.000108 10721410.000000
1162 0.000109 10630123.000000
1163 0.000110 10552773.000000
1164 0.000074 15760398.000000
1165 0.000109 10732974.000000
1166 0.000109 10666715.000000
1167 0.000110 10576784.000000
1168 0.000074 15759932.000000
1169 0.000109 10744485.000000
1170 0.000110 10678300.000000
1171 0.000110 10600739.000000
1172 0.000074 15813904.000000
1173 0.000109 10781250.000000
1174 0.000110 10689831.000000
1175 0.000111 10612355.000000
1176 0.000074 15786083.000000
1177 0.000109 10792620.000000
1178 0.000110 10713766.000000
1179 0.000111 10636187.000000
1180 0.000074 15839777.000000
1181 0.000109 10829298.000000
1182 0.000110 10750145.000000
1183 0.000111 10659962.000000
1184 0.000075 15866208.000000
1185 0.000109 10840530.000000
1186 0.000110 10761469.000000
1187 0.000111 10683684.000000
1188 0.000075 15865386.000000
1189 0.000110 10851709.000000
1190 0.000110 10772741.000000
1191 0.000111 10707351.000000
1192 0.000075 15891638.000000
1193 0.000110 10888216.000000
1194 0.000110 10808952.000000
1195 0.000111 10718642.000000
1196 0.000075 15917803.000000
1197 0.000110 10886569.000000
1198 0.000111 10820087.000000
1199 0.000112 10742188.000000
1200 0.000076 15889830.000000
1201 0.000110 10922948.000000
1202 0.000111 10843678.000000
1203 0.000112 10765678.000000
1204 0.000076 15942796.000000
1205 0.000110 10946585.000000
1206 0.000111 10867214.000000
1207 0.000112 10789116.000000
1208 0.000076 15941722.000000
1209 0.000110 10957439.000000
1210 0.000111 10878165.000000
1211 0.000112 10800157.000000
1212 0.000076 15967538.000000
1213 0.000110 10980953.000000
1214 0.000111 10901580.000000
1215 0.000112 10823475.000000
1216 0.000076 15966386.000000
1217 0.000111 10991691.000000
1218 0.000111 10924943.000000
1219 0.000113 10834400.000000
1220 0.000076 16018907.000000
1221 0.000111 11027818.000000
1222 0.000112 10935710.000000
1223 0.000113 10857599.000000
1224 0.000076 16044463.000000
1225 0.000111 11051169.000000
1226 0.000112 10958953.000000
1227 0.000113 10880746.000000
1228 0.000077 16043061.000000
1229 0.000111 11061708.000000
1230 0.000112 10982143.000000
1231 0.000113 10903841.000000
1232 0.000077 16095318.000000
1233 0.000111 11084940.000000
1234 0.000112 11005280.000000
1235 0.000113 10926883.000000
1236 0.000077 16066973.000000
1237 0.000111 11095365.000000
1238 0.000112 11015803.000000
1239 0.000113 10937500.000000
1240 0.000077 16092193.000000
1241 0.000111 11131243.000000
1242 0.000113 11038822.000000
1243 0.000113 10960426.000000
1244 0.000077 16144103.000000
1245 0.000112 11141537.000000
1246 0.000113 11061790.000000
1247 0.000114 10983300.000000
1248 0.000077 16142385.000000
1249 0.000112 11151786.000000
1250 0.000113 11084705.000000
1251 0.000114 11006123.000000
1252 0.000077 16167355.000000
1253 0.000112 11174729.000000
1254 0.000113 11107568.000000
1255 0.000114 11016503.000000
1256 0.000078 16165568.000000
1257 0.000112 11197620.000000
1258 0.000113 11117789.000000
1259 0.000114 11039212.000000
1260 0.000078 16190378.000000
1261 0.000112 11233253.000000
1262 0.000113 11140537.000000
1263 0.000114 11074285.000000
1264 0.000078 16215107.000000
1265 0.000113 11243245.000000
1266 0.000113 11163234.000000
1267 0.000114 11096903.000000
1268 0.000078 16239755.000000
1269 0.000113 11253192.000000
1270 0.000114 11185879.000000
1271 0.000115 11094623.000000
1272 0.000078 16237745.000000
1273 0.000113 11288663.000000
1274 0.000114 11208474.000000
1275 0.000115 11117118.000000
1276 0.000078 16262235.000000
1277 0.000113 11285705.000000
1278 0.000114 11205809.000000
1279 0.000115 11139562.000000
1280 0.000079 16286644.000000
1281 0.000113 11321055.000000
1282 0.000114 11240882.000000
1283 0.000115 11161956.000000
1284 0.000079 16337540.000000
1285 0.000113 11343574.000000
1286 0.000114 11263313.000000
1287 0.000115 11171875.000000
1288 0.000079 16335228.000000
1289 0.000114 11353227.000000
1290 0.000114 11273071.000000
1291 0.000115 11194160.000000
1292 0.000079 16332929.000000
1293 0.000114 11362837.000000
1294 0.000115 11295391.000000
1295 0.000115 11216394.000000
1296 0.000079 16357028.000000
1297 0.000114 11385182.000000
1298 0.000115 11317662.000000
1299 0.000116 11238580.000000
1300 0.000079 16381049.000000
1301 0.000114 11420295.000000
1302 0.000115 11339883.000000
1303 0.000116 11260716.000000
1304 0.000079 16404991.000000
1305 0.000114 11442551.000000
1306 0.000115 11349416.000000
1307 0.000116 11282803.000000
1308 0.000080 16402488.000000
1309 0.000114 11439108.000000
1310 0.000115 11371528.000000
1311 0.000116 11279942.000000
1312 0.000080 16426282.000000
1313 0.000114 11474063.000000
1314 0.000115 11393591.000000
1315 0.000116 11314358.000000
1316 0.000080 16450000.000000
1317 0.000115 11483328.000000
1318 0.000116 11402962.000000
1319 0.000116 11336290.000000
1320 0.000080 16473643.000000
1321 0.000115 11505365.000000
1322 0.000116 11437569.000000
1323 0.000117 11345705.000000
1324 0.000080 16497208.000000
1325 0.000115 11527352.000000
1326 0.000116 11446823.000000
1327 0.000117 11380008.000000
1328 0.000081 16494436.000000
1329 0.000115 11536459.000000
1330 0.000116 11468681.000000
1331 0.000117 11376846.000000
1332 0.000081 16517856.000000
1333 0.000115 11558338.000000
1334 0.000116 11490491.000000
1335 0.000117 11398566.000000
1336 0.000081 16515033.000000
1337 0.000115 11580169.000000
1338 0.000116 11499588.000000
1339 0.000117 11420238.000000
1340 0.000081 16564479.000000
1341 0.000116 11601952.000000
1342 0.000116 11521291.000000
1343 0.000117 11441862.000000
1344 0.000081 16587677.000000
1345 0.000116 11623687.000000
1346 0.000117 11542947.000000
1347 0.000118 11463439.000000
1348 0.000081 16584646.000000
1349 0.000116 11632520.000000
1350 0.000117 11564556.000000
1351 0.000118 11484970.000000
1352 0.000081 16607703.000000
1353 0.000116 11654149.000000
1354 0.000117 11573441.000000
1355 0.000118 11493960.000000
1356 0.000082 16604623.000000
1357 0.000116 11662885.000000
1358 0.000117 11594946.000000
1359 0.000118 11515388.000000
1360 0.000082 16627544.000000
1361 0.000116 11697264.000000
1362 0.000117 11616403.000000
1363 0.000118 11536769.000000
1364 0.000082 16650391.000000
1365 0.000117 11705886.000000
1366 0.000118 11625136.000000
1367 0.000118 11558103.000000
1368 0.000082 16647197.000000
1369 0.000117 11727316.000000
1370 0.000118 11646491.000000
1371 0.000119 11566887.000000
1372 0.000082 16695873.000000
1373 0.000117 11748699.000000
1374 0.000118 11667798.000000
1375 0.000119 11588120.000000
1376 0.000083 16666667.000000
1377 0.000117 11757172.000000
1378 0.000118 11676383.000000
1379 0.000119 11596812.000000
1380 0.000083 16715116.000000
1381 0.000117 11791325.000000
1382 0.000118 11710277.000000
1383 0.000119 11617944.000000
1384 0.000083 16737616.000000
1385 0.000117 11799686.000000
1386 0.000118 11731447.000000
1387 0.000119 11651546.000000
1388 0.000083 16734183.000000
1389 0.000118 11820874.000000
1390 0.000118 11739865.000000
1391 0.000119 11660073.000000
1392 0.000083 16782408.000000
1393 0.000118 11842016.000000
1394 0.000119 11760934.000000
1395 0.000119 11681069.000000
1396 0.000083 16778846.000000
1397 0.000118 11863111.000000
1398 0.000119 11769262.000000
1399 0.000120 11702021.000000
1400 0.000083 16775306.000000
1401 0.000118 11871272.000000
1402 0.000119 11790232.000000
1403 0.000120 11710403.000000
1404 0.000083 16823236.000000
1405 0.000118 11892268.000000
1406 0.000119 11811156.000000
1407 0.000120 11731257.000000
1408 0.000084 16819572.000000
1409 0.000118 11913217.000000
1410 0.000119 11819340.000000
1411 0.000120 11739550.000000
1412 0.000084 16841602.000000
1413 0.000119 11921234.000000
1414 0.000119 11852870.000000
1415 0.000120 11772830.000000
1416 0.000084 16837900.000000
1417 0.000119 11942084.000000
1418 0.000120 11860947.000000
1419 0.000120 11781018.000000
1420 0.000084 16885464.000000
1421 0.000119 11962890.000000
1422 0.000120 11881684.000000
1423 0.000121 11801685.000000
1424 0.000084 16881638.000000
1425 0.000119 11983652.000000
1426 0.000120 11902377.000000
1427 0.000121 11822309.000000
1428 0.000084 16903408.000000
1429 0.000119 11991474.000000
1430 0.000120 11910315.000000
1431 0.000121 11830358.000000
1432 0.000085 16899548.000000
1433 0.000119 12012138.000000
1434 0.000120 11930910.000000
1435 0.000121 11850885.000000
1436 0.000085 16921192.000000
1437 0.000119 12032757.000000
1438 0.000120 11951463.000000
1439 0.000121 11871370.000000
1440 0.000085 16942772.000000
1441 0.000120 12053332.000000
1442 0.000120 11971971.000000
1443 0.000121 11891812.000000
1444 0.000085 16964286.000000
1445 0.000120 12060964.000000
1446 0.000121 11992436.000000
1447 0.000121 11912210.000000
1448 0.000085 16985736.000000
1449 0.000120 12081444.000000
1450 0.000121 12000132.000000
1451 0.000122 11920018.000000
1452 0.000085 17007122.000000
1453 0.000120 12101879.000000
1454 0.000121 12020503.000000
1455 0.000122 11952878.000000
1456 0.000086 17002990.000000
1457 0.000120 12109375.000000
1458 0.000121 12028115.000000
1459 0.000122 11960585.000000
1460 0.000086 16998882.000000
1461 0.000120 12129716.000000
1462 0.000121 12061114.000000
1463 0.000122 11968259.000000
1464 0.000086 17020090.000000
1465 0.000120 12162925.000000
1466 0.000121 12081356.000000
1467 0.000122 11988428.000000
1468 0.000086 17041234.000000
1469 0.000121 12170267.000000
1470 0.000122 12088816.000000
1471 0.000122 12008555.000000
1472 0.000086 17087668.000000
1473 0.000121 12190479.000000
1474 0.000122 12108964.000000
1475 0.000122 12041210.000000
1476 0.000087 17058062.000000
1477 0.000121 12184860.000000
1478 0.000122 12116343.000000
1479 0.000123 12036133.000000
1480 0.000087 17104290.000000
1481 0.000121 12217859.000000
1482 0.000122 12136399.000000
1483 0.000123 12056127.000000
1484 0.000087 17099926.000000
1485 0.000121 12237935.000000
1486 0.000122 12169156.000000
1487 0.000123 12088645.000000
1488 0.000087 17120766.000000
1489 0.000122 12245066.000000
1490 0.000122 12176386.000000
1491 0.000123 12095988.000000
1492 0.000087 17141544.000000
1493 0.000122 12265050.000000
1494 0.000122 12196317.000000
1495 0.000124 12103303.000000
1496 0.000087 17137096.000000
1497 0.000122 12272101.000000
1498 0.000123 12203467.000000
1499 0.000124 12123124.000000
1500 0.000087 17157760.000000
1501 0.000122 12304893.000000
1502 0.000123 12223308.000000
1503 0.000124 12142903.000000
1504 0.000088 17178362.000000
1505 0.000122 12324751.000000
1506 0.000123 12243107.000000
1507 0.000124 12162642.000000
1508 0.000088 17173834.000000
1509 0.000122 12344568.000000
1510 0.000123 12250129.000000
1511 0.000124 12182340.000000
1512 0.000088 17219388.000000
1513 0.000122 12351424.000000
1514 0.000123 12282580.000000
1515 0.000124 12201998.000000
1516 0.000088 17214752.000000
1517 0.000123 12371151.000000
1518 0.000124 12289507.000000
1519 0.000124 12209041.000000
1520 0.000088 17235124.000000
1521 0.000123 12390837.000000
1522 0.000124 12309135.000000
1523 0.000125 12228609.000000
1524 0.000088 17255434.000000
1525 0.000123 12410482.000000
1526 0.000124 12341485.000000
1527 0.000125 12248139.000000
1528 0.000089 17250724.000000
1529 0.000123 12417165.000000
1530 0.000124 12335527.000000
1531 0.000125 12255059.000000
1532 0.000089 17295882.000000
1533 0.000123 12436721.000000
1534 0.000124 12355026.000000
1535 0.000125 12274501.000000
1536 0.000089 17266188.000000
1537 0.000124 12443329.000000
1538 0.000124 12374486.000000
1539 0.000125 12281346.000000
1540 0.000094 16436134.000000
1541 0.000128 12015033.000000
1542 0.000129 11939420.000000
1543 0.000130 11853184.000000
1544 0.000094 16456344.000000
1545 0.000128 12034210.000000
1546 0.000129 11958540.000000
1547 0.000130 11895607.000000
1548 0.000094 16498977.000000
1549 0.000129 12053350.000000
1550 0.000129 11989480.000000
1551 0.000130 11902936.000000
1552 0.000094 16519073.000000
1553 0.000129 12084475.000000
1554 0.000129 12008531.000000
1555 0.000130 11933633.000000
1556 0.000094 16561648.000000
1557 0.000129 12091514.000000
1558 0.000130 12027545.000000
1559 0.000130 11952589.000000
1560 0.000095 16469595.000000
1561 0.000129 12110538.000000
1562 0.000130 12034639.000000
1563 0.000131 11971507.000000
1564 0.000095 16467318.000000
1565 0.000129 12129526.000000
1566 0.000130 12053571.000000
1567 0.000131 11978657.000000
1568 0.000096 16355141.000000
1569 0.000130 12029258.000000
1570 0.000131 11954799.000000
1571 0.000132 11881353.000000
1572 0.000096 16396863.000000
1573 0.000131 12048100.000000
1574 0.000131 11985258.000000
1575 0.000132 11900085.000000
1576 0.000096 16416666.000000
1577 0.000131 12078738.000000
1578 0.000132 11992339.000000
1579 0.000132 11930307.000000
1580 0.000096 16436418.000000
1581 0.000131 12085678.000000
1582 0.000132 12011054.000000
1583 0.000133 11937440.000000
1584 0.000096 16456117.000000
1585 0.000131 12104411.000000
1586 0.000132 12029733.000000
1587 0.000133 11944546.000000
1588 0.000097 16432120.000000
1589 0.000131 12111281.000000
1590 0.000132 12036702.000000
1591 0.000133 11963125.000000
1592 0.000097 16451719.000000
1593 0.000131 12129933.000000
1594 0.000132 12066983.000000
1595 0.000133 11981670.000000
1596 0.000097 16493055.000000
1597 0.000131 12160392.000000
1598 0.000132 12085552.000000
1599 0.000133 12011718.000000
1600 0.000097 16490765.000000
1601 0.000132 12155308.000000
1602 0.000132 12092392.000000
1603 0.000134 12007131.000000
1604 0.000097 16510210.000000
1605 0.000132 12185677.000000
1606 0.000133 12110884.000000
1607 0.000134 12037093.000000
1608 0.000097 16529605.000000
1609 0.000132 12192350.000000
1610 0.000133 12117655.000000
1611 0.000134 12043958.000000
1612 0.000098 16527232.000000
1613 0.000132 12198996.000000
1614 0.000133 12124399.000000
1615 0.000134 12062320.000000
1616 0.000098 16546527.000000
1617 0.000132 12229247.000000
1618 0.000133 12154447.000000
1619 0.000134 12080646.000000
1620 0.000098 16565772.000000
1621 0.000132 12235810.000000
1622 0.000133 12172790.000000
1623 0.000134 12087405.000000
1624 0.000098 16584968.000000
1625 0.000133 12254163.000000
1626 0.000134 12179410.000000
1627 0.000134 12105656.000000
1628 0.000098 16582464.000000
1629 0.000133 12272481.000000
1630 0.000134 12197677.000000
1631 0.000135 12112345.000000
1632 0.000098 16601562.000000
1633 0.000133 12278934.000000
1634 0.000134 12215908.000000
1635 0.000135 12142051.000000
1636 0.000098 16642252.000000
1637 0.000133 12297175.000000
1638 0.000134 12234105.000000
1639 0.000135 12148660.000000
1640 0.000099 16618029.000000
1641 0.000133 12315382.000000
1642 0.000134 12240578.000000
1643 0.000135 12166766.000000
1644 0.000099 16636981.000000
1645 0.000133 12333553.000000
1646 0.000134 12270397.000000
1647 0.000135 12196386.000000
1648 0.000099 16655886.000000
1649 0.000134 12351690.000000
1650 0.000135 12265104.000000
1651 0.000135 12202874.000000
1652 0.000099 16653225.000000
1653 0.000134 12369792.000000
1654 0.000135 12283151.000000
1655 0.000136 12209336.000000
1656 0.000099 16693547.000000
1657 0.000134 12376015.000000
1658 0.000135 12312856.000000
1659 0.000136 12227299.000000
1660 0.000099 16690799.000000
1661 0.000134 12394042.000000
1662 0.000135 12319141.000000
1663 0.000136 12233698.000000
1664 0.000100 16709511.000000
1665 0.000134 12412035.000000
1666 0.000135 12337085.000000
1667 0.000136 12263124.000000
1668 0.000100 16728177.000000
1669 0.000134 12418156.000000
1670 0.000135 12343307.000000
1671 0.000136 12269443.000000
1672 0.000100 16746795.000000
1673 0.000135 12436072.000000
1674 0.000135 12372872.000000
1675 0.000136 12298813.000000
1676 0.000100 16743925.000000
1677 0.000135 12453957.000000
1678 0.000135 12390713.000000
1679 0.000136 12305054.000000
1680 0.000100 16762452.000000
1681 0.000135 12459974.000000
1682 0.000136 12385132.000000
1683 0.000137 12322810.000000
1684 0.000100 16759554.000000
1685 0.000135 12489623.000000
1686 0.000136 12414585.000000
1687 0.000137 12340532.000000
1688 0.000101 16777990.000000
1689 0.000135 12495561.000000
1690 0.000136 12420627.000000
1691 0.000137 12358221.000000
1692 0.000101 16796380.000000
1693 0.000135 12513305.000000
1694 0.000136 12438322.000000
1695 0.000137 12364320.000000
1696 0.000101 16836086.000000
1697 0.000135 12531013.000000
1698 0.000136 12455986.000000
1699 0.000137 12381938.000000
1700 0.000101 16833016.000000
1701 0.000136 12548689.000000
1702 0.000136 12473617.000000
1703 0.000137 12387977.000000
1704 0.000101 16829962.000000
1705 0.000136 12554488.000000
1706 0.000137 12491214.000000
1707 0.000137 12417074.000000
1708 0.000101 16848170.000000
1709 0.000136 12572092.000000
1710 0.000137 12497077.000000
1711 0.000138 12423037.000000
1712 0.000102 16866332.000000
1713 0.000136 12577831.000000
1714 0.000137 12514602.000000
1715 0.000138 12440517.000000
1716 0.000102 16884446.000000
1717 0.000136 12595364.000000
1718 0.000137 12532096.000000
1719 0.000138 12446421.000000
1720 0.000102 16902516.000000
1721 0.000136 12612864.000000
1722 0.000137 12537861.000000
1723 0.000138 12463832.000000
1724 0.000102 16920540.000000
1725 0.000137 12630331.000000
1726 0.000137 12555284.000000
1727 0.000138 12492767.000000
1728 0.000102 16917292.000000
1729 0.000137 12635934.000000
1730 0.000138 12560990.000000
1731 0.000138 12498557.000000
1732 0.000102 16935232.000000
1733 0.000137 12653329.000000
1734 0.000138 12578342.000000
1735 0.000139 12504324.000000
1736 0.000102 16953126.000000
1737 0.000137 12682534.000000
1738 0.000138 12595664.000000
1739 0.000139 12521601.000000
1740 0.000103 16949814.000000
1741 0.000137 12688024.000000
1742 0.000138 12601274.000000
1743 0.000139 12538847.000000
1744 0.000103 16967622.000000
1745 0.000137 12693494.000000
1746 0.000138 12630209.000000
1747 0.000139 12556060.000000
1748 0.000103 16964286.000000
1749 0.000138 12710756.000000
1750 0.000138 12635745.000000
1751 0.000139 12561696.000000
1752 0.000103 17003106.000000
1753 0.000138 12727986.000000
1754 0.000138 12664627.000000
1755 0.000140 12578841.000000
1756 0.000103 17020782.000000
1757 0.000138 12745182.000000
1758 0.000139 12670087.000000
1759 0.000140 12595955.000000
1760 0.000103 17017328.000000
1761 0.000138 12762350.000000
1762 0.000139 12675529.000000
1763 0.000140 12613037.000000
1764 0.000103 17056002.000000
1765 0.000138 12767651.000000
1766 0.000139 12692617.000000
1767 0.000140 12630089.000000
1768 0.000104 17031442.000000
1769 0.000138 12784749.000000
1770 0.000139 12709674.000000
1771 0.000140 12635560.000000
1772 0.000104 17048954.000000
1773 0.000138 12801815.000000
1774 0.000139 12726698.000000
1775 0.000140 12652543.000000
1776 0.000104 17066420.000000
1777 0.000139 12818848.000000
1778 0.000140 12743692.000000
1779 0.000140 12681056.000000
1780 0.000104 17083844.000000
1781 0.000139 12835851.000000
1782 0.000140 12748969.000000
1783 0.000141 12674875.000000
1784 0.000104 17101228.000000
1785 0.000139 12840988.000000
1786 0.000140 12765896.000000
1787 0.000141 12703310.000000
1788 0.000105 17097614.000000
1789 0.000139 12846106.000000
1790 0.000140 12782794.000000
1791 0.000141 12708618.000000
1792 0.000105 17114914.000000
1793 0.000139 12874828.000000
1794 0.000140 12799659.000000
1795 0.000141 12725442.000000
1796 0.000105 17132172.000000
1797 0.000139 12891700.000000
1798 0.000140 12816492.000000
1799 0.000141 12742237.000000
1800 0.000105 17128502.000000
1801 0.000140 12896711.000000
1802 0.000141 12821608.000000
1803 0.000141 12747454.000000
1804 0.000105 17166564.000000
1805 0.000140 12913518.000000
1806 0.000141 12838376.000000
1807 0.000142 12764184.000000
1808 0.000105 17162820.000000
1809 0.000140 12918477.000000
1810 0.000141 12855114.000000
1811 0.000142 12769347.000000
1812 0.000105 17179916.000000
1813 0.000140 12935218.000000
1814 0.000141 12860140.000000
1815 0.000142 12786012.000000
1816 0.000106 17196970.000000
1817 0.000140 12951927.000000
1818 0.000141 12888498.000000
1819 0.000142 12814191.000000
1820 0.000106 17193168.000000
1821 0.000140 12968608.000000
1822 0.000141 12893455.000000
1823 0.000142 12807723.000000
1824 0.000106 17210144.000000
1825 0.000141 12985257.000000
1826 0.000141 12921761.000000
1827 0.000142 12835826.000000
1828 0.000106 17247886.000000
1829 0.000141 12990057.000000
1830 0.000142 12903316.000000
1831 0.000143 12840833.000000
1832 0.000106 17243976.000000
1833 0.000141 12994838.000000
1834 0.000142 12931520.000000
1835 0.000143 12868885.000000
1836 0.000106 17240084.000000
1837 0.000141 13023196.000000
1838 0.000142 12959723.000000
1839 0.000143 12873824.000000
1840 0.000107 17236212.000000
1841 0.000141 13027909.000000
1842 0.000142 12964527.000000
1843 0.000143 12878746.000000
1844 0.000107 17273682.000000
1845 0.000142 13032606.000000
1846 0.000142 12969313.000000
1847 0.000143 12906697.000000
1848 0.000107 17269736.000000
1849 0.000142 13060861.000000
1850 0.000142 12997415.000000
1851 0.000143 12911552.000000
1852 0.000107 17307116.000000
1853 0.000142 13065488.000000
1854 0.000143 13002133.000000
1855 0.000144 12916387.000000
1856 0.000107 17344498.000000
1857 0.000142 13093692.000000
1858 0.000143 13030185.000000
1859 0.000143 12967355.000000
1860 0.000108 17299108.000000
1861 0.000142 13098255.000000
1862 0.000143 13034834.000000
1863 0.000144 12949011.000000
1864 0.000108 17336310.000000
1865 0.000142 13126408.000000
1866 0.000143 13039468.000000
1867 0.000144 12953764.000000
1868 0.000108 17332244.000000
1869 0.000142 13130902.000000
1870 0.000143 13044085.000000
1871 0.000144 12981517.000000
1872 0.000108 17328200.000000
1873 0.000142 13159005.000000
1874 0.000143 13071987.000000
1875 0.000144 12986203.000000
1876 0.000108 17365226.000000
1877 0.000143 13163432.000000
1878 0.000144 13076537.000000
1879 0.000144 13013907.000000
1880 0.000108 17361112.000000
1881 0.000143 13167842.000000
1882 0.000144 13104389.000000
1883 0.000145 13018529.000000
1884 0.000108 17398050.000000
1885 0.000143 13195844.000000
1886 0.000144 13108875.000000
1887 0.000145 13023134.000000
1888 0.000109 17393868.000000
1889 0.000143 13176619.000000
1890 0.000144 13113345.000000
1891 0.000145 13050740.000000
1892 0.000109 17389706.000000
1893 0.000143 13204520.000000
1894 0.000144 13141098.000000
1895 0.000145 13055279.000000
1896 0.000109 17426470.000000
1897 0.000144 13208834.000000
1898 0.000144 13145501.000000
1899 0.000145 13059804.000000
1900 0.000109 17422242.000000
1901 0.000144 13236686.000000
1902 0.000145 13149890.000000
1903 0.000145 13087313.000000
1904 0.000109 17418032.000000
1905 0.000144 13240937.000000
1906 0.000145 13177544.000000
1907 0.000146 13091773.000000
1908 0.000110 17413844.000000
1909 0.000144 13268740.000000
1910 0.000145 13181869.000000
1911 0.000146 13119233.000000
1912 0.000109 17491218.000000
1913 0.000144 13272925.000000
1914 0.000145 13186177.000000
1915 0.000146 13146694.000000
1916 0.000110 17486858.000000
1917 0.000144 13277094.000000
1918 0.000145 13213734.000000
1919 0.000146 13151042.000000
1920 0.000110 17482518.000000
1921 0.000144 13304798.000000
1922 0.000145 13217979.000000
1923 0.000146 13132376.000000
1924 0.000110 17518938.000000
1925 0.000145 13308905.000000
1926 0.000146 13222210.000000
1927 0.000146 13182739.000000
1928 0.000110 17514536.000000
1929 0.000145 13312997.000000
1930 0.000146 13249670.000000
1931 0.000147 13163994.000000
1932 0.000110 17510152.000000
1933 0.000145 13340603.000000
1934 0.000146 13253838.000000
1935 0.000147 13191263.000000
1936 0.000110 17546404.000000
1937 0.000145 13344631.000000
1938 0.000146 13281250.000000
1939 0.000147 13218531.000000
1940 0.000111 17541956.000000
1941 0.000145 13372188.000000
1942 0.000146 13285355.000000
1943 0.000147 13199728.000000
1944 0.000111 17578124.000000
1945 0.000145 13376155.000000
1946 0.000146 13312719.000000
1947 0.000147 13249945.000000
1948 0.000111 17573614.000000
1949 0.000145 13403664.000000
1950 0.000146 13316762.000000
1951 0.000147 13231064.000000
1952 0.000111 17569124.000000
1953 0.000146 13407568.000000
1954 0.000147 13320789.000000
1955 0.000147 13258191.000000
1956 0.000111 17605128.000000
1957 0.000146 13411458.000000
1958 0.000147 13348058.000000
1959 0.000148 13262293.000000
1960 0.000111 17600574.000000
1961 0.000146 13438871.000000
1962 0.000147 13352025.000000
1963 0.000148 13266383.000000
1964 0.000111 17636494.000000
1965 0.000146 13442700.000000
1966 0.000147 13379246.000000
1967 0.000148 13293415.000000
1968 0.000112 17591532.000000
1969 0.000146 13470064.000000
1970 0.000147 13383152.000000
1971 0.000148 13320448.000000
1972 0.000112 17627288.000000
1973 0.000146 13473831.000000
1974 0.000147 13387043.000000
1975 0.000148 13324429.000000
1976 0.000112 17622716.000000
1977 0.000147 13477585.000000
1978 0.000147 13414170.000000
1979 0.000148 13328394.000000
1980 0.000112 17658390.000000
1981 0.000147 13481326.000000
1982 0.000148 13418002.000000
1983 0.000149 13332347.000000
1984 0.000112 17653758.000000
1985 0.000147 13508547.000000
1986 0.000148 13421822.000000
1987 0.000149 13359241.000000
1988 0.000113 17649148.000000
1989 0.000147 13512228.000000
1990 0.000148 13448855.000000
1991 0.000149 13363134.000000
1992 0.000113 17684658.000000
1993 0.000147 13539402.000000
1994 0.000148 13452613.000000
1995 0.000149 13389981.000000
1996 0.000113 17679988.000000
1997 0.000147 13543022.000000
1998 0.000148 13456358.000000
1999 0.000149 13393814.000000
2000 0.000113 17675340.000000
2001 0.000148 13546630.000000
2002 0.000149 13460090.000000
2003 0.000150 13397634.000000
2004 0.000113 17750850.000000
2005 0.000148 13573710.000000
2006 0.000149 13486984.000000
2007 0.000150 13424390.000000
2008 0.000113 17705982.000000
2009 0.000148 13577261.000000
2010 0.000149 13513877.000000
2011 0.000150 13428153.000000
2012 0.000113 17741252.000000
2013 0.000148 13580798.000000
2014 0.000149 13517505.000000
2015 0.000150 13454862.000000
2016 0.000114 17736486.000000
2017 0.000148 13607784.000000
2018 0.000149 13544352.000000
2019 0.000150 13458564.000000
2020 0.000114 17731742.000000
2021 0.000148 13634770.000000
2022 0.000149 13547920.000000
2023 0.000150 13462255.000000
2024 0.000114 17766854.000000
2025 0.000148 13638200.000000
2026 0.000150 13551476.000000
2027 0.000151 13465934.000000
2028 0.000114 17762052.000000
2029 0.000149 13641620.000000
2030 0.000150 13578232.000000
2031 0.000151 13492507.000000
2032 0.000114 17797086.000000
2033 0.000149 13668513.000000
2034 0.000150 13581732.000000
2035 0.000151 13496126.000000
2036 0.000114 17792226.000000
2037 0.000149 13671875.000000
2038 0.000150 13585218.000000
2039 0.000151 13522654.000000
2040 0.000114 17827182.000000
2041 0.000150 13651808.000000
2042 0.000150 13588693.000000
2043 0.000151 13526218.000000
2044 0.000115 17822266.000000
2045 0.000149 13702025.000000
2046 0.000150 13615311.000000
2047 0.000151 13552701.000000
Launching execution with command:
gap8-openocd -d0 -c 'gdb_port disabled; telnet_port disabled; tcl_port disabled' -f interface/ftdi/gapuino_ftdi.cfg -f target/gap8revb.tcl -f tcl/jtag_boot_entry.tcl -c 'gap8_jtag_load_binary_and_start "/home/gap8/gap_sdk/Transfer_GAP8-_test_Memory/BUILD/GAP8_V3/GCC_RISCV_PULPOS/test_mem" elf 0x1c000080'
