gapy --target=gapuino_v3 --platform=board --work-dir=/home/gap8/gap_sdk/Transfer_GAP8-_test_Memory/BUILD/GAP8_V3/GCC_RISCV_PULPOS      run --exec-prepare --exec --binary=/home/gap8/gap_sdk/Transfer_GAP8-_test_Memory/BUILD/GAP8_V3/GCC_RISCV_PULPOS/test_mem  
TARGET create
GAP8 INIT TARGET
GAP8 examine target
Init jtag
Initialising GAP8 JTAG TAP
Loading binary through JTAG
Fabric Controller Frequency 250000000 Hz
1 0.000012 84019.492187
2 0.000012 168038.984375
3 0.000012 252058.484375
4 0.000012 336106.218750
5 0.000012 419006.125000
6 0.000012 504116.968750
7 0.000012 588185.937500
8 0.000012 670409.812500
9 0.000012 756175.437500
10 0.000012 840265.562500
11 0.000012 924214.437500
12 0.000012 1008233.937500
13 0.000012 1092253.375000
14 0.000012 1173315.500000
15 0.000012 1260292.375000
16 0.000012 1340932.000000
17 0.000012 1428331.375000
18 0.000012 1512096.750000
19 0.000012 1592356.750000
20 0.000012 1675884.000000
21 0.000012 1764409.375000
22 0.000012 1848428.875000
23 0.000012 1932448.375000
24 0.000012 2016467.875000
25 0.000012 2095206.250000
26 0.000012 2184506.750000
27 0.000012 2268526.250000
28 0.000012 2352150.500000
29 0.000012 2436565.250000
30 0.000012 2514247.500000
31 0.000012 2598055.750000
32 0.000012 2688172.000000
33 0.000012 2765672.250000
34 0.000012 2856182.750000
35 0.000012 2940188.000000
36 0.000012 3024193.500000
37 0.000012 3108198.750000
38 0.000012 3192204.250000
39 0.000012 3276209.500000
40 0.000012 3351206.750000
41 0.000012 3444220.250000
42 0.000012 3529411.500000
43 0.000012 3613445.250000
44 0.000012 3696236.500000
45 0.000012 3771371.250000
46 0.000012 3865546.000000
47 0.000012 3949579.750000
48 0.000012 4033613.250000
49 0.000012 4107981.500000
50 0.000012 4201680.500000
51 0.000012 4285714.000000
52 0.000012 4368279.500000
53 0.000012 4453781.500000
54 0.000012 4536290.000000
55 0.000012 4620295.500000
56 0.000012 4691689.500000
57 0.000012 4777070.500000
58 0.000012 4872311.500000
59 0.000012 4956317.000000
60 0.000012 5040322.500000
61 0.000012 5124327.500000
62 0.000012 5197854.000000
63 0.000012 5281690.500000
64 0.000012 5376344.000000
65 0.000012 5460349.000000
66 0.000012 5533199.500000
67 0.000012 5628360.000000
68 0.000012 5712365.500000
69 0.000012 5780831.500000
70 0.000012 5880376.000000
71 0.000012 5948392.000000
72 0.000012 6048387.000000
73 0.000012 6132392.000000
74 0.000012 6216397.500000
75 0.000012 6300403.000000
76 0.000012 6388702.000000
77 0.000012 6468413.500000
78 0.000012 6534853.000000
79 0.000012 6618633.000000
80 0.000012 6720430.000000
81 0.000012 6786193.500000
82 0.000012 6893073.000000
83 0.000012 6958417.500000
84 0.000012 7061196.500000
85 0.000012 7140456.500000
86 0.000012 7224462.000000
87 0.000012 7313382.500000
88 0.000012 7392473.000000
89 0.000012 7476478.000000
90 0.000012 7565568.000000
91 0.000012 7623995.000000
92 0.000012 7707775.500000
93 0.000012 7812499.500000
94 0.000012 7875335.500000
95 0.000012 7964454.000000
96 0.000012 8069939.000000
97 0.000012 8148521.000000
98 0.000012 8210456.500000
99 0.000012 8316532.000000
100 0.000012 8400537.000000
101 0.000012 8467472.000000
102 0.000012 8551308.000000
103 0.000012 8652553.000000
104 0.000012 8736559.000000
105 0.000012 8820564.000000
106 0.000012 8910558.000000
107 0.000012 8994620.000000
108 0.000012 9048258.000000
109 0.000012 9138163.000000
110 0.000012 9215818.000000
111 0.000012 9305836.000000
112 0.000012 9389672.000000
113 0.000012 9498991.000000
114 0.000012 9583053.000000
115 0.000012 9634719.000000
116 0.000012 9744623.000000
117 0.000012 9828629.000000
118 0.000012 9912634.000000
119 0.000012 9969840.000000
120 0.000012 10080645.000000
121 0.000012 10164650.000000
122 0.000012 10234899.000000
123 0.000012 10304960.000000
124 0.000012 10388741.000000
125 0.000012 10472521.000000
126 0.000012 10556301.000000
127 0.000012 10683042.000000
128 0.000012 10767160.000000
129 0.000012 10836693.000000
130 0.000012 10920698.000000
131 0.000012 10975202.000000
132 0.000012 11103634.000000
133 0.000012 11172715.000000
134 0.000012 11256720.000000
135 0.000012 11310322.000000
136 0.000012 11424731.000000
137 0.000012 11524226.000000
138 0.000012 11561663.000000
139 0.000012 11676747.000000
140 0.000012 11760752.000000
141 0.000012 11844758.000000
142 0.000012 11928763.000000
143 0.000012 11980564.000000
144 0.000012 12064344.000000
145 0.000012 12180779.000000
146 0.000012 12264784.000000
147 0.000012 12315684.000000
148 0.000012 12416107.000000
149 0.000012 12516801.000000
150 0.000012 12600806.000000
151 0.000012 12667785.000000
152 0.000012 12734585.000000
153 0.000012 12852822.000000
154 0.000012 12936827.000000
155 0.000012 13020833.000000
156 0.000012 13104838.000000
157 0.000012 13188843.000000
158 0.000012 13237266.000000
159 0.000012 13356854.000000
160 0.000012 13440860.000000
161 0.000012 13488607.000000
162 0.000012 13608870.000000
163 0.000012 13674496.000000
164 0.000012 13776881.000000
165 0.000012 13860886.000000
166 0.000012 13944892.000000
167 0.000012 14010067.000000
168 0.000012 14112903.000000
169 0.000012 14196908.000000
170 0.000012 14280913.000000
171 0.000012 14364919.000000
172 0.000012 14429530.000000
173 0.000012 14532929.000000
174 0.000012 14616935.000000
175 0.000012 14661529.000000
176 0.000012 14804845.000000
177 0.000012 14868951.000000
178 0.000012 14952956.000000
179 0.000012 15036962.000000
180 0.000012 15120967.000000
181 0.000012 15204972.000000
182 0.000012 15288978.000000
183 0.000012 15331770.000000
184 0.000012 15456989.000000
185 0.000012 15540994.000000
186 0.000012 15624999.000000
187 0.000012 15709005.000000
188 0.000012 15750671.000000
189 0.000012 15855704.000000
190 0.000012 15961021.000000
191 0.000012 16045026.000000
192 0.000012 16129032.000000
193 0.000012 16191275.000000
194 0.000012 16297042.000000
195 0.000012 16403096.000000
196 0.000012 16465053.000000
197 0.000012 16504693.000000
198 0.000012 16633064.000000
199 0.000012 16717069.000000
200 0.000012 16756033.000000
201 0.000012 16839814.000000
202 0.000012 16991924.000000
203 0.000012 17007374.000000
204 0.000012 17137096.000000
205 0.000012 17197986.000000
206 0.000012 17258714.000000
207 0.000012 17365772.000000
208 0.000012 17473118.000000
209 0.000012 17557122.000000
210 0.000012 17641128.000000
211 0.000012 17725134.000000
212 0.000012 17785234.000000
213 0.000012 17845176.000000
214 0.000012 17977150.000000
215 0.000012 18012736.000000
216 0.000012 18145160.000000
217 0.000012 18229166.000000
218 0.000012 18313172.000000
219 0.000012 18397176.000000
220 0.000012 18431636.000000
221 0.000012 18565188.000000
222 0.000012 18649192.000000
223 0.000012 18733198.000000
224 0.000012 18766758.000000
225 0.000012 18901208.000000
226 0.000012 18985214.000000
227 0.000012 19069220.000000
228 0.000012 19101878.000000
229 0.000012 19185658.000000
230 0.000012 19269438.000000
231 0.000012 19405242.000000
232 0.000012 19489246.000000
233 0.000012 19573252.000000
234 0.000012 19657258.000000
235 0.000012 19741262.000000
236 0.000012 19772120.000000
237 0.000012 19909274.000000
238 0.000012 19993278.000000
239 0.000012 20023460.000000
240 0.000012 20161290.000000
241 0.000012 20245294.000000
242 0.000012 20274800.000000
243 0.000012 20413306.000000
244 0.000012 20552560.000000
245 0.000012 20526140.000000
246 0.000012 20665322.000000
247 0.000012 20749328.000000
248 0.000012 20833332.000000
249 0.000012 20861262.000000
250 0.000012 20945042.000000
251 0.000012 21142184.000000
252 0.000012 21112602.000000
253 0.000012 21253360.000000
254 0.000012 21280162.000000
255 0.000012 21421370.000000
256 0.000012 21505376.000000
257 0.000012 21589380.000000
258 0.000012 21615282.000000
259 0.000012 21757392.000000
260 0.000012 21841396.000000
261 0.000012 21925402.000000
262 0.000012 21950404.000000
263 0.000012 22093412.000000
264 0.000012 22117964.000000
265 0.000012 22261424.000000
266 0.000012 22285524.000000
267 0.000012 22429434.000000
268 0.000012 22513440.000000
269 0.000012 22597446.000000
270 0.000012 22681450.000000
271 0.000012 22826820.000000
272 0.000012 22788206.000000
273 0.000012 22933466.000000
274 0.000012 23017472.000000
275 0.000012 23101478.000000
276 0.000012 23123326.000000
277 0.000012 23269488.000000
278 0.000012 23353494.000000
279 0.000012 23437498.000000
280 0.000012 23521504.000000
281 0.000012 23605510.000000
282 0.000012 23689516.000000
283 0.000012 23773520.000000
284 0.000012 23857526.000000
285 0.000012 23941532.000000
286 0.000012 24025536.000000
287 0.000012 24109542.000000
288 0.000012 24193548.000000
289 0.000012 24277552.000000
290 0.000012 24361558.000000
291 0.000012 24445564.000000
292 0.000012 24529568.000000
293 0.000012 24679920.000000
294 0.000012 24697580.000000
295 0.000012 24715148.000000
296 0.000012 24865590.000000
297 0.000012 24882710.000000
298 0.000012 25101078.000000
299 0.000012 25117606.000000
300 0.000012 25134050.000000
301 0.000012 25285618.000000
302 0.000012 25301610.000000
303 0.000012 25453628.000000
304 0.000012 25469170.000000
305 0.000012 25621638.000000
306 0.000012 25705644.000000
307 0.000012 25720510.000000
308 0.000012 25873654.000000
309 0.000012 25957660.000000
310 0.000012 26041666.000000
311 0.000012 26125670.000000
312 0.000012 26209676.000000
313 0.000012 26223192.000000
314 0.000012 26377686.000000
315 0.000012 26461692.000000
316 0.000012 26474532.000000
317 0.000012 26558312.000000
318 0.000012 26642092.000000
319 0.000012 26797714.000000
320 0.000012 26809654.000000
321 0.000012 26965724.000000
322 0.000012 27049730.000000
323 0.000012 27133736.000000
324 0.000012 27217740.000000
325 0.000012 27228554.000000
326 0.000012 27312334.000000
327 0.000012 27469756.000000
328 0.000012 27553762.000000
329 0.000012 27637768.000000
330 0.000012 27721772.000000
331 0.000012 27805778.000000
332 0.000012 27889784.000000
333 0.000012 27973790.000000
334 0.000012 28057794.000000
335 0.000012 28141800.000000
336 0.000012 28225806.000000
337 0.000012 28309810.000000
338 0.000012 28393816.000000
339 0.000012 28401476.000000
340 0.000012 28485256.000000
341 0.000012 28569036.000000
342 0.000012 28729838.000000
343 0.000012 28736596.000000
344 0.000012 28897848.000000
345 0.000012 28981854.000000
346 0.000012 29065858.000000
347 0.000012 29149864.000000
348 0.000012 29233870.000000
349 0.000012 29317876.000000
350 0.000012 29323058.000000
351 0.000012 29485886.000000
352 0.000012 29490618.000000
353 0.000012 29653896.000000
354 0.000012 29737902.000000
355 0.000012 29741958.000000
356 0.000012 29905912.000000
357 0.000012 29989918.000000
358 0.000012 30073924.000000
359 0.000012 30157928.000000
360 0.000012 30160860.000000
361 0.000012 30244640.000000
362 0.000012 30409944.000000
363 0.000012 30576146.000000
364 0.000012 30577956.000000
365 0.000012 30661960.000000
366 0.000012 30663540.000000
367 0.000012 30829972.000000
368 0.000012 30913978.000000
369 0.000012 30997982.000000
370 0.000012 31081988.000000
371 0.000012 31082442.000000
372 0.000012 31249998.000000
373 0.000012 31334004.000000
374 0.000012 31418010.000000
375 0.000012 31417562.000000
376 0.000012 31501342.000000
377 0.000012 31670026.000000
378 0.000012 31668902.000000
379 0.000012 31838036.000000
380 0.000012 31836464.000000
381 0.000012 32006046.000000
382 0.000012 32004024.000000
383 0.000012 32174058.000000
384 0.000012 32345014.000000
385 0.000012 32342068.000000
386 0.000012 32339144.000000
387 0.000012 32422924.000000
388 0.000012 32594084.000000
389 0.000012 32678090.000000
390 0.000012 32762096.000000
391 0.000012 32846100.000000
392 0.000012 32841826.000000
393 0.000012 33014112.000000
394 0.000012 33098116.000000
395 0.000012 33182122.000000
396 0.000012 33176946.000000
397 0.000012 33440028.000000
398 0.000012 33344506.000000
399 0.000012 33518144.000000
400 0.000012 33602148.000000
401 0.000012 33686156.000000
402 0.000012 33679628.000000
403 0.000012 33854164.000000
404 0.000012 34029648.000000
405 0.000012 33930968.000000
406 0.000012 34106180.000000
407 0.000012 34190188.000000
408 0.000012 34182308.000000
409 0.000012 34358196.000000
410 0.000012 34442204.000000
411 0.000012 34526208.000000
412 0.000012 34610212.000000
413 0.000012 34694220.000000
414 0.000012 34592248.000000
415 0.000012 34862228.000000
416 0.000012 34946236.000000
417 0.000012 34842916.000000
418 0.000012 35114244.000000
419 0.000012 35388516.000000
420 0.000012 35282256.000000
421 0.000012 35366260.000000
422 0.000012 35260696.000000
423 0.000012 35344252.000000
424 0.000012 35427808.000000
425 0.000012 35702284.000000
426 0.000012 35786288.000000
427 0.000012 35870296.000000
428 0.000012 35954300.000000
429 0.000012 36038304.000000
430 0.000012 36122312.000000
431 0.000012 36206316.000000
432 0.000012 36096256.000000
433 0.000012 36374328.000000
434 0.000012 36458332.000000
435 0.000012 36346924.000000
436 0.000012 36626344.000000
437 0.000012 36908784.000000
438 0.000012 36597596.000000
439 0.000012 36681152.000000
440 0.000012 37162164.000000
441 0.000012 36848264.000000
442 0.000012 37130376.000000
443 0.000012 37214380.000000
444 0.000012 37298384.000000
445 0.000012 37382392.000000
446 0.000012 37466396.000000
447 0.000012 37349600.000000
448 0.000012 37634408.000000
449 0.000012 37718412.000000
450 0.000012 37802416.000000
451 0.000012 37886424.000000
452 0.000012 37970428.000000
453 0.000012 38260136.000000
454 0.000012 38138440.000000
455 0.000012 38222444.000000
456 0.000012 38306448.000000
457 0.000012 38390456.000000
458 0.000012 38474460.000000
459 0.000012 38558468.000000
460 0.000012 38642472.000000
461 0.000012 38726476.000000
462 0.000012 38810484.000000
463 0.000012 38686496.000000
464 0.000012 38978492.000000
465 0.000012 38853612.000000
466 0.000012 39146504.000000
467 0.000012 39020724.000000
468 0.000012 39104280.000000
469 0.000012 39398520.000000
470 0.000012 39271392.000000
471 0.000012 39354948.000000
472 0.000012 39650536.000000
473 0.000012 39522060.000000
474 0.000012 39605616.000000
475 0.000012 39902552.000000
476 0.000012 39986556.000000
477 0.000012 40070564.000000
478 0.000012 39939840.000000
479 0.000012 40238572.000000
480 0.000012 40322580.000000
481 0.000012 40190508.000000
482 0.000012 40274064.000000
483 0.000012 40574596.000000
484 0.000012 40658600.000000
485 0.000012 40742604.000000
486 0.000012 40826612.000000
487 0.000012 40910616.000000
488 0.000012 40994620.000000
489 0.000012 41078628.000000
490 0.000012 41162632.000000
491 0.000012 41246636.000000
492 0.000012 41109628.000000
493 0.000012 41414648.000000
494 0.000012 41498656.000000
495 0.000012 41582660.000000
496 0.000012 41666664.000000
497 0.000012 41527408.000000
498 0.000012 41834676.000000
499 0.000012 41694520.000000
500 0.000012 42002688.000000
501 0.000012 42086692.000000
502 0.000012 42170696.000000
503 0.000012 42254704.000000
504 0.000012 42338708.000000
505 0.000012 42422712.000000
506 0.000012 42506720.000000
507 0.000012 42590724.000000
508 0.000012 42674728.000000
509 0.000012 42758736.000000
510 0.000012 42842740.000000
511 0.000012 42926744.000000
512 0.000012 43010752.000000
513 0.000012 43094756.000000
514 0.000012 43178760.000000
515 0.000012 43031416.000000
516 0.000012 43346772.000000
517 0.000012 43430776.000000
518 0.000012 43514784.000000
519 0.000012 43598788.000000
520 0.000012 43918920.000000
521 0.000012 43532756.000000
522 0.000012 43616312.000000
523 0.000012 43699868.000000
524 0.000012 44018816.000000
525 0.000012 44102820.000000
526 0.000012 44186824.000000
527 0.000012 44270832.000000
528 0.000012 44354836.000000
529 0.000012 44438844.000000
530 0.000012 44522848.000000
531 0.000012 44606852.000000
532 0.000012 44690860.000000
533 0.000012 44535428.000000
534 0.000012 44858868.000000
535 0.000012 44942876.000000
536 0.000012 45026880.000000
537 0.000012 45110884.000000
538 0.000012 45194892.000000
539 0.000012 45278896.000000
540 0.000012 45362900.000000
541 0.000012 45446908.000000
542 0.000012 45287432.000000
543 0.000012 45370988.000000
544 0.000012 45698924.000000
545 0.000012 45782928.000000
546 0.000012 45866932.000000
547 0.000012 45950940.000000
548 0.000012 46034944.000000
549 0.000012 46118948.000000
550 0.000012 45955884.000000
551 0.000012 46286960.000000
552 0.000012 46370964.000000
553 0.000012 46454972.000000
554 0.000012 46290108.000000
555 0.000012 46622980.000000
556 0.000012 46706988.000000
557 0.000012 46790992.000000
558 0.000012 46874996.000000
559 0.000012 46959004.000000
560 0.000012 46791444.000000
561 0.000012 47127016.000000
562 0.000012 47211020.000000
563 0.000012 47295024.000000
564 0.000012 47379032.000000
565 0.000012 47463036.000000
566 0.000012 47547040.000000
567 0.000012 47631048.000000
568 0.000012 47715052.000000
569 0.000012 47543448.000000
570 0.000012 47883064.000000
571 0.000012 47710564.000000
572 0.000012 48051072.000000
573 0.000012 48135080.000000
574 0.000012 48219084.000000
575 0.000012 48303088.000000
576 0.000012 48387096.000000
577 0.000012 48471100.000000
578 0.000012 48555104.000000
579 0.000012 48379012.000000
580 0.000012 48723116.000000
581 0.000012 48807120.000000
582 0.000012 48629680.000000
583 0.000012 48975132.000000
584 0.000012 49059136.000000
585 0.000012 49143144.000000
586 0.000012 49227148.000000
587 0.000012 49047460.000000
588 0.000012 49395160.000000
589 0.000012 49479164.000000
590 0.000012 49563168.000000
591 0.000012 49647176.000000
592 0.000012 49465240.000000
593 0.000012 49815184.000000
594 0.000012 49899192.000000
595 0.000012 49983196.000000
596 0.000012 50067204.000000
597 0.000012 50151208.000000
598 0.000012 50235212.000000
599 0.000012 50050136.000000
600 0.000012 50403224.000000
601 0.000012 50487228.000000
602 0.000012 50571236.000000
603 0.000012 50655240.000000
604 0.000012 50739244.000000
605 0.000012 50823252.000000
606 0.000012 50907256.000000
607 0.000012 50718584.000000
608 0.000012 51075268.000000
609 0.000012 51159272.000000
610 0.000012 51243276.000000
611 0.000012 51052808.000000
612 0.000012 51411288.000000
613 0.000012 51495292.000000
614 0.000012 51579300.000000
615 0.000012 51663304.000000
616 0.000012 51747308.000000
617 0.000012 51831316.000000
618 0.000012 51915320.000000
619 0.000012 51999324.000000
620 0.000012 52364868.000000
621 0.000012 52167336.000000
622 0.000012 51971924.000000
623 0.000012 52055480.000000
624 0.000012 52139040.000000
625 0.000012 52503356.000000
626 0.000012 52587364.000000
627 0.000012 52671368.000000
628 0.000012 52755372.000000
629 0.000012 52839380.000000
630 0.000012 52923384.000000
631 0.000012 53007392.000000
632 0.000012 53091396.000000
633 0.000012 53175400.000000
634 0.000012 52974600.000000
635 0.000012 53343412.000000
636 0.000012 53427416.000000
637 0.000012 53511424.000000
638 0.000012 53308824.000000
639 0.000012 53679432.000000
640 0.000012 53763440.000000
641 0.000012 53847444.000000
642 0.000012 53931448.000000
643 0.000012 54015456.000000
644 0.000012 54099460.000000
645 0.000012 54183464.000000
646 0.000012 54267472.000000
647 0.000012 54060828.000000
648 0.000012 54435480.000000
649 0.000012 54519488.000000
650 0.000012 54603492.000000
651 0.000012 54687496.000000
652 0.000012 54478612.000000
653 0.000012 54855508.000000
654 0.000012 54939512.000000
655 0.000012 55023520.000000
656 0.000012 55107524.000000
657 0.000012 55191528.000000
658 0.000012 55275536.000000
659 0.000012 55063504.000000
660 0.000012 55443544.000000
661 0.000012 55230616.000000
662 0.000012 55611556.000000
663 0.000012 55695564.000000
664 0.000012 55779568.000000
665 0.000012 55863572.000000
666 0.000012 55947580.000000
667 0.000012 56031584.000000
668 0.000012 56115588.000000
669 0.000012 56199596.000000
670 0.000012 56283600.000000
671 0.000012 56367604.000000
672 0.000012 56451612.000000
673 0.000012 56535616.000000
674 0.000012 56619620.000000
675 0.000012 56400400.000000
676 0.000012 56787632.000000
677 0.000012 56871636.000000
678 0.000012 56955644.000000
679 0.000012 57039648.000000
680 0.000012 57123652.000000
681 0.000012 57207660.000000
682 0.000012 57291664.000000
683 0.000012 57375668.000000
684 0.000012 57459676.000000
685 0.000012 57543680.000000
686 0.000012 57627684.000000
687 0.000012 57711692.000000
688 0.000012 57795696.000000
689 0.000012 57570188.000000
690 0.000012 57963708.000000
691 0.000012 57737300.000000
692 0.000012 58131716.000000
693 0.000012 58215724.000000
694 0.000012 58299728.000000
695 0.000012 58383732.000000
696 0.000012 58467740.000000
697 0.000012 58551744.000000
698 0.000012 58635752.000000
699 0.000012 58719756.000000
700 0.000012 58803760.000000
701 0.000012 58887768.000000
702 0.000012 58971772.000000
703 0.000012 59055776.000000
704 0.000012 59139784.000000
705 0.000012 59223788.000000
706 0.000012 59307792.000000
707 0.000012 59391800.000000
708 0.000012 59475804.000000
709 0.000012 59559808.000000
710 0.000012 59643816.000000
711 0.000012 59408424.000000
712 0.000012 59491980.000000
713 0.000012 59895832.000000
714 0.000012 59979836.000000
715 0.000012 60063840.000000
716 0.000012 60147848.000000
717 0.000012 60231852.000000
718 0.000012 59993316.000000
719 0.000012 60399864.000000
720 0.000012 60483868.000000
721 0.000012 60243984.000000
722 0.000012 60327540.000000
723 0.000012 60735884.000000
724 0.000012 60819888.000000
725 0.000012 60903896.000000
726 0.000012 60987900.000000
727 0.000012 60745320.000000
728 0.000012 61155912.000000
729 0.000012 60912432.000000
730 0.000012 61323920.000000
731 0.000012 61079548.000000
732 0.000012 61163104.000000
733 0.000012 61575940.000000
734 0.000012 61330216.000000
735 0.000012 62077704.000000
736 0.000012 61827956.000000
737 0.000012 61911960.000000
738 0.000012 61664440.000000
739 0.000012 62079972.000000
740 0.000012 61831552.000000
741 0.000012 61915108.000000
742 0.000012 62331988.000000
743 0.000012 62415992.000000
744 0.000012 62499996.000000
745 0.000012 62584004.000000
746 0.000012 62668008.000000
747 0.000012 62752012.000000
748 0.000012 62836020.000000
749 0.000012 62583556.000000
750 0.000012 63004028.000000
751 0.000012 63088036.000000
752 0.000012 63172040.000000
753 0.000012 63256044.000000
754 0.000012 63340052.000000
755 0.000012 63424056.000000
756 0.000012 63508060.000000
757 0.000012 63592068.000000
758 0.000012 63335564.000000
759 0.000012 63760076.000000
760 0.000012 63844084.000000
761 0.000012 63928088.000000
762 0.000012 64012092.000000
763 0.000012 64096100.000000
764 0.000012 64180104.000000
765 0.000012 64264112.000000
766 0.000012 64348116.000000
767 0.000012 64087568.000000
768 0.000012 64516128.000000
769 0.000012 64600132.000000
770 0.000012 64684136.000000
771 0.000012 64768144.000000
772 0.000012 64852148.000000
773 0.000012 65287164.000000
774 0.000012 65020160.000000
775 0.000012 64756016.000000
776 0.000012 65188168.000000
777 0.000012 65272176.000000
778 0.000012 65006684.000000
779 0.000012 65440184.000000
780 0.000012 65524192.000000
781 0.000012 65608196.000000
782 0.000012 65692200.000000
783 0.000012 65776208.000000
784 0.000012 65860212.000000
785 0.000012 65591580.000000
786 0.000012 66028224.000000
787 0.000012 66112228.000000
788 0.000012 66196232.000000
789 0.000012 66280240.000000
790 0.000012 66009360.000000
791 0.000012 66448248.000000
792 0.000012 66532256.000000
793 0.000012 66616260.000000
794 0.000012 66700264.000000
795 0.000012 66427140.000000
796 0.000012 66868276.000000
797 0.000012 66952280.000000
798 0.000012 67036288.000000
799 0.000012 67120296.000000
800 0.000012 67204296.000000
801 0.000012 67288304.000000
802 0.000012 67372312.000000
803 0.000012 67456312.000000
804 0.000012 67540320.000000
805 0.000012 67262704.000000
806 0.000012 67708328.000000
807 0.000012 67792336.000000
808 0.000012 67876344.000000
809 0.000012 67960344.000000
810 0.000012 68044352.000000
811 0.000012 67403592.000000
812 0.000012 68212360.000000
813 0.000012 68296368.000000
814 0.000012 68380376.000000
815 0.000012 68464376.000000
816 0.000012 68548384.000000
817 0.000012 68632392.000000
818 0.000012 68716392.000000
819 0.000012 68800400.000000
820 0.000012 68884408.000000
821 0.000012 68968408.000000
822 0.000012 69052416.000000
823 0.000012 69136424.000000
824 0.000012 69220424.000000
825 0.000012 69304432.000000
826 0.000012 68650264.000000
827 0.000012 68733376.000000
828 0.000012 69556448.000000
829 0.000012 69640456.000000
830 0.000012 69724456.000000
831 0.000012 69808464.000000
832 0.000012 69892472.000000
833 0.000012 69976472.000000
834 0.000012 70060480.000000
835 0.000012 70144488.000000
836 0.000012 70228488.000000
837 0.000012 70312496.000000
838 0.000012 69647608.000000
839 0.000012 70480504.000000
840 0.000012 70564512.000000
841 0.000012 70648520.000000
842 0.000012 70732520.000000
843 0.000012 70816528.000000
844 0.000012 70900536.000000
845 0.000012 70984536.000000
846 0.000012 71068544.000000
847 0.000012 71152552.000000
848 0.000012 71236552.000000
849 0.000012 71320560.000000
850 0.000012 71404568.000000
851 0.000012 71488576.000000
852 0.000012 71572576.000000
853 0.000012 71656584.000000
854 0.000012 70977392.000000
855 0.000012 71824592.000000
856 0.000012 71908600.000000
857 0.000012 71992608.000000
858 0.000012 72076608.000000
859 0.000012 72160616.000000
860 0.000012 72244624.000000
861 0.000012 72328624.000000
862 0.000012 72412632.000000
863 0.000012 71725400.000000
864 0.000012 72580640.000000
865 0.000012 72664648.000000
866 0.000012 72748656.000000
867 0.000012 72832656.000000
868 0.000012 72140960.000000
869 0.000012 73000672.000000
870 0.000012 73084672.000000
871 0.000012 73168680.000000
872 0.000012 73252688.000000
873 0.000012 73336688.000000
874 0.000012 73420696.000000
875 0.000012 73504704.000000
876 0.000012 73588704.000000
877 0.000012 72888960.000000
878 0.000012 73756720.000000
879 0.000012 73840720.000000
880 0.000012 73924728.000000
881 0.000012 74008736.000000
882 0.000012 74092736.000000
883 0.000012 74176744.000000
884 0.000012 74260752.000000
885 0.000012 74344752.000000
886 0.000012 74428760.000000
887 0.000012 74512768.000000
888 0.000012 74596768.000000
889 0.000012 74680776.000000
890 0.000012 74764784.000000
891 0.000012 74848784.000000
892 0.000012 74932792.000000
893 0.000012 75016800.000000
894 0.000012 75100800.000000
895 0.000012 75184808.000000
896 0.000012 75268816.000000
897 0.000012 75352816.000000
898 0.000012 75436824.000000
899 0.000012 75520832.000000
900 0.000012 75604832.000000
901 0.000012 75688840.000000
902 0.000012 75772848.000000
903 0.000012 75856848.000000
904 0.000012 75940856.000000
905 0.000012 76024864.000000
906 0.000012 76108864.000000
907 0.000012 76192872.000000
908 0.000012 75465424.000000
909 0.000012 76360880.000000
910 0.000012 76444888.000000
911 0.000012 76528896.000000
912 0.000012 76612896.000000
913 0.000012 76696904.000000
914 0.000012 76780912.000000
915 0.000012 76864912.000000
916 0.000012 76948920.000000
917 0.000012 77032928.000000
918 0.000012 77116936.000000
919 0.000012 77200936.000000
920 0.000012 77284944.000000
921 0.000012 77368952.000000
922 0.000012 77452952.000000
923 0.000012 77536960.000000
924 0.000012 77620968.000000
925 0.000012 77704968.000000
926 0.000012 77788976.000000
927 0.000012 77872984.000000
928 0.000012 77956984.000000
929 0.000012 78040992.000000
930 0.000012 78125000.000000
931 0.000012 78209000.000000
932 0.000012 78293008.000000
933 0.000012 78377016.000000
934 0.000012 78461016.000000
935 0.000012 78545024.000000
936 0.000012 78629032.000000
937 0.000012 78713032.000000
938 0.000012 78797040.000000
939 0.000012 78881048.000000
940 0.000012 78965048.000000
941 0.000012 78208112.000000
942 0.000012 79133064.000000
943 0.000012 79217064.000000
944 0.000012 79301072.000000
945 0.000012 79385080.000000
946 0.000012 78623672.000000
947 0.000012 78706784.000000
948 0.000012 79637096.000000
949 0.000012 79721096.000000
950 0.000012 79805104.000000
951 0.000012 79889112.000000
952 0.000012 79973112.000000
953 0.000012 80057120.000000
954 0.000012 80141128.000000
955 0.000012 80225128.000000
956 0.000012 80309136.000000
957 0.000012 80393144.000000
958 0.000012 81351904.000000
959 0.000012 80561152.000000
960 0.000012 80645160.000000
961 0.000012 80729160.000000
962 0.000012 80813168.000000
963 0.000012 80897176.000000
964 0.000012 80981176.000000
965 0.000012 81065184.000000
966 0.000012 81149192.000000
967 0.000012 81233192.000000
968 0.000012 81317200.000000
969 0.000012 81401208.000000
970 0.000012 81485208.000000
971 0.000012 81569216.000000
972 0.000012 81653224.000000
973 0.000012 81737224.000000
974 0.000012 81821232.000000
975 0.000012 81905240.000000
976 0.000012 81117024.000000
977 0.000012 82073248.000000
978 0.000012 82157256.000000
979 0.000012 82241256.000000
980 0.000012 82325264.000000
981 0.000012 82409272.000000
982 0.000012 82493272.000000
983 0.000012 82577280.000000
984 0.000012 82661288.000000
985 0.000012 81865024.000000
986 0.000012 81948136.000000
987 0.000012 82913304.000000
988 0.000012 82997312.000000
989 0.000012 83081312.000000
990 0.000012 83165320.000000
991 0.000012 83249328.000000
992 0.000012 83333328.000000
993 0.000012 83417336.000000
994 0.000012 83501344.000000
995 0.000012 83585344.000000
996 0.000012 83669352.000000
997 0.000012 83753360.000000
998 0.000012 83837360.000000
999 0.000012 83921368.000000
1000 0.000012 83111704.000000
1001 0.000012 84089376.000000
1002 0.000012 84173384.000000
1003 0.000012 84257392.000000
1004 0.000012 84341392.000000
1005 0.000012 84425400.000000
1006 0.000012 84509408.000000
1007 0.000012 84593408.000000
1008 0.000012 83776592.000000
1009 0.000012 84761424.000000
1010 0.000012 84845424.000000
1011 0.000012 84929432.000000
1012 0.000012 84109040.000000
1013 0.000012 85097440.000000
1014 0.000012 85181448.000000
1015 0.000012 85265456.000000
1016 0.000012 85349456.000000
1017 0.000012 85433464.000000
1018 0.000012 85517472.000000
1019 0.000012 85601472.000000
1020 0.000012 85685480.000000
1021 0.000012 84857048.000000
1022 0.000012 85853488.000000
1023 0.000012 85023272.000000
1024 0.000012 86021504.000000
1025 0.000012 85189496.000000
1026 0.000012 86189512.000000
1027 0.000012 86273520.000000
1028 0.000012 86357520.000000
1029 0.000012 86441528.000000
1030 0.000012 86525536.000000
1031 0.000012 86609536.000000
1032 0.000012 86693544.000000
1033 0.000012 86777552.000000
1034 0.000012 86861552.000000
1035 0.000012 86945560.000000
1036 0.000012 87029568.000000
1037 0.000012 87113568.000000
1038 0.000012 87197576.000000
1039 0.000012 87281584.000000
1040 0.000012 87365584.000000
1041 0.000012 87449592.000000
1042 0.000012 87533600.000000
1043 0.000012 87617600.000000
1044 0.000012 87701608.000000
1045 0.000012 87785616.000000
1046 0.000012 87869616.000000
1047 0.000012 87953624.000000
1048 0.000012 88037632.000000
1049 0.000012 88121632.000000
1050 0.000012 87267288.000000
1051 0.000012 88289648.000000
1052 0.000012 88373648.000000
1053 0.000012 88457656.000000
1054 0.000012 88541664.000000
1055 0.000012 88625672.000000
1056 0.000012 88709672.000000
1057 0.000012 88793680.000000
1058 0.000012 88877688.000000
1059 0.000012 88015288.000000
1060 0.000012 89045696.000000
1061 0.000012 89129704.000000
1062 0.000012 89213704.000000
1063 0.000012 89297712.000000
1064 0.000012 89381720.000000
1065 0.000012 89465720.000000
1066 0.000012 89549728.000000
1067 0.000012 89633736.000000
1068 0.000012 89717736.000000
1069 0.000012 89801744.000000
1070 0.000012 89885752.000000
1071 0.000012 89012632.000000
1072 0.000012 90053760.000000
1073 0.000012 90137768.000000
1074 0.000012 90221768.000000
1075 0.000012 90305776.000000
1076 0.000012 90389784.000000
1077 0.000012 90473784.000000
1078 0.000012 90557792.000000
1079 0.000012 90641800.000000
1080 0.000012 90725800.000000
1081 0.000012 90809808.000000
1082 0.000012 90893816.000000
1083 0.000012 90977816.000000
1084 0.000012 91061824.000000
1085 0.000012 91145832.000000
1086 0.000012 91229832.000000
1087 0.000012 91313840.000000
1088 0.000012 90425528.000000
1089 0.000012 91481848.000000
1090 0.000012 91565856.000000
1091 0.000012 91649864.000000
1092 0.000012 91733864.000000
1093 0.000012 91817872.000000
1094 0.000012 91901880.000000
1095 0.000012 91985880.000000
1096 0.000012 92069888.000000
1097 0.000012 92153896.000000
1098 0.000012 92237896.000000
1099 0.000012 92321904.000000
1100 0.000012 91422872.000000
1101 0.000012 92489912.000000
1102 0.000012 92573920.000000
1103 0.000012 92657928.000000
1104 0.000012 92741928.000000
1105 0.000012 92825936.000000
1106 0.000012 92909944.000000
1107 0.000012 92993944.000000
1108 0.000012 93077952.000000
1109 0.000012 93161960.000000
1110 0.000012 93245960.000000
1111 0.000012 92337104.000000
1112 0.000012 93413976.000000
1113 0.000012 93497976.000000
1114 0.000012 93581984.000000
1115 0.000012 93665992.000000
1116 0.000012 93749992.000000
1117 0.000012 93834000.000000
1118 0.000012 93918008.000000
1119 0.000012 94002008.000000
1120 0.000012 94086016.000000
1121 0.000012 93168216.000000
1122 0.000012 94254032.000000
1123 0.000012 94338032.000000
1124 0.000012 94422040.000000
1125 0.000012 94506048.000000
1126 0.000012 94590048.000000
1127 0.000012 93666888.000000
1128 0.000012 94758064.000000
1129 0.000012 93833112.000000
1130 0.000012 94926072.000000
1131 0.000012 95010080.000000
1132 0.000012 95094080.000000
1133 0.000012 95178088.000000
1134 0.000012 95262096.000000
1135 0.000012 95346096.000000
1136 0.000012 95430104.000000
1137 0.000012 95514112.000000
1138 0.000012 95598112.000000
1139 0.000012 95682120.000000
1140 0.000012 95766128.000000
1141 0.000012 95850128.000000
1142 0.000012 95934136.000000
1143 0.000012 96018144.000000
1144 0.000012 96102144.000000
1145 0.000012 96186152.000000
1146 0.000012 96270160.000000
1147 0.000012 96354160.000000
1148 0.000012 96438168.000000
1149 0.000012 96522176.000000
1150 0.000012 96606176.000000
1151 0.000012 96690184.000000
1152 0.000012 96774192.000000
1153 0.000012 96858192.000000
1154 0.000012 96942200.000000
1155 0.000012 97026208.000000
1156 0.000012 97110208.000000
1157 0.000012 97194216.000000
1158 0.000012 97278224.000000
1159 0.000012 97362224.000000
1160 0.000012 97446232.000000
1161 0.000012 97530240.000000
1162 0.000012 97614240.000000
1163 0.000012 97698248.000000
1164 0.000012 97782256.000000
1165 0.000012 97866256.000000
1166 0.000012 97950264.000000
1167 0.000012 98034272.000000
1168 0.000012 98118272.000000
1169 0.000012 98202280.000000
1170 0.000012 98286288.000000
1171 0.000012 98370288.000000
1172 0.000012 98454296.000000
1173 0.000012 99609376.000000
1174 0.000012 98622304.000000
1175 0.000012 98706312.000000
1176 0.000012 98790320.000000
1177 0.000012 98874320.000000
1178 0.000012 98958328.000000
1179 0.000012 99042336.000000
1180 0.000012 99126336.000000
1181 0.000012 99210344.000000
1182 0.000012 99294352.000000
1183 0.000012 99378352.000000
1184 0.000012 99462360.000000
1185 0.000012 99546368.000000
1186 0.000012 99630368.000000
1187 0.000012 98653592.000000
1188 0.000012 99798384.000000
1189 0.000012 99882392.000000
1190 0.000012 99966392.000000
1191 0.000012 100050400.000000
1192 0.000012 100134408.000000
1193 0.000012 100218408.000000
1194 0.000012 99235368.000000
1195 0.000012 100386424.000000
1196 0.000012 100470424.000000
1197 0.000012 100554432.000000
1198 0.000012 100638440.000000
1199 0.000012 100722440.000000
1200 0.000012 100806448.000000
1201 0.000012 100890456.000000
1202 0.000012 100974456.000000
1203 0.000012 101058464.000000
1204 0.000012 101142472.000000
1205 0.000012 101226472.000000
1206 0.000012 100232712.000000
1207 0.000012 100315824.000000
1208 0.000012 101478488.000000
1209 0.000012 101562496.000000
1210 0.000012 101646504.000000
1211 0.000012 101730504.000000
1212 0.000012 100731384.000000
1213 0.000012 101898520.000000
1214 0.000012 101982520.000000
1215 0.000012 102066528.000000
1216 0.000012 102150536.000000
1217 0.000012 102234536.000000
1218 0.000012 102318544.000000
1219 0.000012 102402552.000000
1220 0.000012 102486552.000000
1221 0.000012 102570560.000000
1222 0.000012 102654568.000000
1223 0.000012 101645608.000000
1224 0.000012 102822576.000000
1225 0.000012 102906584.000000
1226 0.000012 102990584.000000
1227 0.000012 103074592.000000
1228 0.000012 103158600.000000
1229 0.000012 103242600.000000
1230 0.000012 103326608.000000
1231 0.000012 103410616.000000
1232 0.000012 103494616.000000
1233 0.000012 103578624.000000
1234 0.000012 102559840.000000
1235 0.000012 103746632.000000
1236 0.000012 103830640.000000
1237 0.000012 103914648.000000
1238 0.000012 103998648.000000
1239 0.000012 104082656.000000
1240 0.000012 103058512.000000
1241 0.000012 103141624.000000
1242 0.000012 104334672.000000
1243 0.000012 105553664.000000
1244 0.000012 104502680.000000
1245 0.000012 104586688.000000
1246 0.000012 104670696.000000
1247 0.000012 104754696.000000
1248 0.000012 104838704.000000
1249 0.000012 104922712.000000
1250 0.000012 105006712.000000
1251 0.000012 105090720.000000
1252 0.000012 105174728.000000
1253 0.000012 105258728.000000
1254 0.000012 105342736.000000
1255 0.000012 105426744.000000
1256 0.000012 105510744.000000
1257 0.000012 104471408.000000
1258 0.000012 105678760.000000
1259 0.000012 105762768.000000
1260 0.000012 105846768.000000
1261 0.000012 105930776.000000
1262 0.000012 106014784.000000
1263 0.000012 106098784.000000
1264 0.000012 106182792.000000
1265 0.000012 106266800.000000
1266 0.000012 106350800.000000
1267 0.000012 106434808.000000
1268 0.000012 106518816.000000
1269 0.000012 106602816.000000
1270 0.000012 106686824.000000
1271 0.000012 106770832.000000
1272 0.000012 106854832.000000
1273 0.000012 106938840.000000
1274 0.000012 108186144.000000
1275 0.000012 107106848.000000
1276 0.000012 107190856.000000
1277 0.000012 107274864.000000
1278 0.000012 107358864.000000
1279 0.000012 106299864.000000
1280 0.000012 107526880.000000
1281 0.000012 107610880.000000
1282 0.000012 106549200.000000
1283 0.000012 107778896.000000
1284 0.000012 107862896.000000
1285 0.000012 107946904.000000
1286 0.000012 108030912.000000
1287 0.000012 108114912.000000
1288 0.000012 108198920.000000
1289 0.000012 108282928.000000
1290 0.000012 108366928.000000
1291 0.000012 107297208.000000
1292 0.000012 108534944.000000
1293 0.000012 108618944.000000
1294 0.000012 108702952.000000
1295 0.000012 108786960.000000
1296 0.000012 108870960.000000
1297 0.000012 108954968.000000
1298 0.000012 109038976.000000
1299 0.000012 107962104.000000
1300 0.000012 109206984.000000
1301 0.000012 109290992.000000
1302 0.000012 109374992.000000
1303 0.000012 109459000.000000
1304 0.000012 109543008.000000
1305 0.000012 109627008.000000
1306 0.000012 109711016.000000
1307 0.000012 109795024.000000
1308 0.000012 111073368.000000
1309 0.000012 109963032.000000
1310 0.000012 110047040.000000
1311 0.000012 110131040.000000
1312 0.000012 110215048.000000
1313 0.000012 110299056.000000
1314 0.000012 110383056.000000
1315 0.000012 110467064.000000
1316 0.000012 110551072.000000
1317 0.000012 110635072.000000
1318 0.000012 110719080.000000
1319 0.000012 110803088.000000
1320 0.000012 109707448.000000
1321 0.000012 110971096.000000
1322 0.000012 109873672.000000
1323 0.000012 111139104.000000
1324 0.000012 111223112.000000
1325 0.000012 111307120.000000
1326 0.000012 111391128.000000
1327 0.000012 111475128.000000
1328 0.000012 111559136.000000
1329 0.000012 111643144.000000
1330 0.000012 111727144.000000
1331 0.000012 111811152.000000
1332 0.000012 111895160.000000
1333 0.000012 111979160.000000
1334 0.000012 112063168.000000
1335 0.000012 112147176.000000
1336 0.000012 112231176.000000
1337 0.000012 112315184.000000
1338 0.000012 112399192.000000
1339 0.000012 112483192.000000
1340 0.000012 112567200.000000
1341 0.000012 112651208.000000
1342 0.000012 111535904.000000
1343 0.000012 112819216.000000
1344 0.000012 112903224.000000
1345 0.000012 112987224.000000
1346 0.000012 113071232.000000
1347 0.000012 113155240.000000
1348 0.000012 113239240.000000
1349 0.000012 113323248.000000
1350 0.000012 113407256.000000
1351 0.000012 113491256.000000
1352 0.000012 113575264.000000
1353 0.000012 113659272.000000
1354 0.000012 113743272.000000
1355 0.000012 113827280.000000
1356 0.000012 113911288.000000
1357 0.000012 113995288.000000
1358 0.000012 114079296.000000
1359 0.000012 114163304.000000
1360 0.000012 114247304.000000
1361 0.000012 114331312.000000
1362 0.000012 114415320.000000
1363 0.000012 114499320.000000
1364 0.000012 114583328.000000
1365 0.000012 114667336.000000
1366 0.000012 114751336.000000
1367 0.000012 114835344.000000
1368 0.000012 114919352.000000
1369 0.000012 115003352.000000
1370 0.000012 115087360.000000
1371 0.000012 115171368.000000
1372 0.000012 115255368.000000
1373 0.000012 115339376.000000
1374 0.000012 114195480.000000
1375 0.000012 115507384.000000
1376 0.000012 115591392.000000
1377 0.000012 115675400.000000
1378 0.000012 115759400.000000
1379 0.000012 114611040.000000
1380 0.000012 115927416.000000
1381 0.000012 116011416.000000
1382 0.000012 116095424.000000
1383 0.000012 116179432.000000
1384 0.000012 116263432.000000
1385 0.000012 116347440.000000
1386 0.000012 116431448.000000
1387 0.000012 116515448.000000
1388 0.000012 116599456.000000
1389 0.000012 115442152.000000
1390 0.000012 116767464.000000
1391 0.000012 116851472.000000
1392 0.000012 116935480.000000
1393 0.000012 117019488.000000
1394 0.000012 117103488.000000
1395 0.000012 117187496.000000
1396 0.000012 117271504.000000
1397 0.000012 117355504.000000
1398 0.000012 117439512.000000
1399 0.000012 117523520.000000
1400 0.000012 117607520.000000
1401 0.000012 117691528.000000
1402 0.000012 117775536.000000
1403 0.000012 116605720.000000
1404 0.000012 117943544.000000
1405 0.000012 118027552.000000
1406 0.000012 118111552.000000
1407 0.000012 118195560.000000
1408 0.000012 118279568.000000
1409 0.000012 118363568.000000
1410 0.000012 118447576.000000
1411 0.000012 118531584.000000
1412 0.000012 118615584.000000
1413 0.000012 118699592.000000
1414 0.000012 118783600.000000
1415 0.000012 118867600.000000
1416 0.000012 117686168.000000
1417 0.000012 119035616.000000
1418 0.000012 119119616.000000
1419 0.000012 119203624.000000
1420 0.000012 119287632.000000
1421 0.000012 119371632.000000
1422 0.000012 119455640.000000
1423 0.000012 119539648.000000
1424 0.000012 119623648.000000
1425 0.000012 119707656.000000
1426 0.000012 119791664.000000
1427 0.000012 119875664.000000
1428 0.000012 119959672.000000
1429 0.000012 120043680.000000
1430 0.000012 120127680.000000
1431 0.000012 120211688.000000
1432 0.000012 120295696.000000
1433 0.000012 120379696.000000
1434 0.000012 119182176.000000
1435 0.000012 120547712.000000
1436 0.000012 120631712.000000
1437 0.000012 120715720.000000
1438 0.000012 120799728.000000
1439 0.000012 120883728.000000
1440 0.000012 120967736.000000
1441 0.000012 121051744.000000
1442 0.000012 121135744.000000
1443 0.000012 121219752.000000
1444 0.000012 121303760.000000
1445 0.000012 121387760.000000
1446 0.000012 121471768.000000
1447 0.000012 121555776.000000
1448 0.000012 121639776.000000
1449 0.000012 121723784.000000
1450 0.000012 121807792.000000
1451 0.000012 121891792.000000
1452 0.000012 121975800.000000
1453 0.000012 122059808.000000
1454 0.000012 122143808.000000
1455 0.000012 122227816.000000
1456 0.000012 122311824.000000
1457 0.000012 122395824.000000
1458 0.000012 122479832.000000
1459 0.000012 122563840.000000
1460 0.000012 122647840.000000
1461 0.000012 122731848.000000
1462 0.000012 122815856.000000
1463 0.000012 122899864.000000
1464 0.000012 122983864.000000
1465 0.000012 123067872.000000
1466 0.000012 123151880.000000
1467 0.000012 123235880.000000
1468 0.000012 123319888.000000
1469 0.000012 123403896.000000
1470 0.000012 123487896.000000
1471 0.000012 122257312.000000
1472 0.000012 123655912.000000
1473 0.000012 123739912.000000
1474 0.000012 125169840.000000
1475 0.000012 123907928.000000
1476 0.000012 123991928.000000
1477 0.000012 124075936.000000
1478 0.000012 124159944.000000
1479 0.000012 124243944.000000
1480 0.000012 124327952.000000
1481 0.000012 124411960.000000
1482 0.000012 124495960.000000
1483 0.000012 124579968.000000
1484 0.000012 124663976.000000
1485 0.000012 124747976.000000
1486 0.000012 124831984.000000
1487 0.000012 124915992.000000
1488 0.000012 124999992.000000
1489 0.000012 125084000.000000
1490 0.000012 125168008.000000
1491 0.000012 125252008.000000
1492 0.000012 125336016.000000
1493 0.000012 125420024.000000
1494 0.000012 126868208.000000
1495 0.000012 125588032.000000
1496 0.000012 125672040.000000
1497 0.000012 125756040.000000
1498 0.000012 125840048.000000
1499 0.000012 125924056.000000
1500 0.000012 126008056.000000
1501 0.000012 126092064.000000
1502 0.000012 126176072.000000
1503 0.000012 124916888.000000
1504 0.000012 126344080.000000
1505 0.000012 126428088.000000
1506 0.000012 127887224.000000
1507 0.000012 126596096.000000
1508 0.000012 126680104.000000
1509 0.000012 125415560.000000
1510 0.000012 126848112.000000
1511 0.000012 126932120.000000
1512 0.000012 127016120.000000
1513 0.000012 127100128.000000
1514 0.000012 127184136.000000
1515 0.000012 127268136.000000
1516 0.000012 127352144.000000
1517 0.000012 127436152.000000
1518 0.000012 127520152.000000
1519 0.000012 127604160.000000
1520 0.000012 127688168.000000
1521 0.000012 126412896.000000
1522 0.000012 127856176.000000
1523 0.000012 127940184.000000
1524 0.000012 128024184.000000
1525 0.000012 128108192.000000
1526 0.000012 128192200.000000
1527 0.000012 129670512.000000
1528 0.000012 128360208.000000
1529 0.000012 128444216.000000
1530 0.000012 128528224.000000
1531 0.000012 128612224.000000
1532 0.000012 128696232.000000
1533 0.000012 130180024.000000
1534 0.000012 127493352.000000
1535 0.000012 127576464.000000
1536 0.000012 129032256.000000
1537 0.000012 129116256.000000
1538 0.000012 129200264.000000
1539 0.000012 129284272.000000
1540 0.000012 129368272.000000
1541 0.000012 129452280.000000
1542 0.000012 129536288.000000
1543 0.000012 129620288.000000
1544 0.000012 129704296.000000
1545 0.000012 129788304.000000
1546 0.000012 129872304.000000
1547 0.000012 128573800.000000
1548 0.000012 130040320.000000
1549 0.000012 128740024.000000
1550 0.000012 130208328.000000
1551 0.000012 130292336.000000
1552 0.000012 130376336.000000
1553 0.000012 130460344.000000
1554 0.000012 130544352.000000
1555 0.000012 130628352.000000
1556 0.000012 130712360.000000
1557 0.000012 130796368.000000
1558 0.000012 130880368.000000
1559 0.000012 130964376.000000
1560 0.000012 131048384.000000
1561 0.000012 131132384.000000
1562 0.000012 131216392.000000
1563 0.000012 131300400.000000
1564 0.000012 131384400.000000
1565 0.000012 131468408.000000
1566 0.000012 130152928.000000
1567 0.000012 131636416.000000
1568 0.000012 131720424.000000
1569 0.000012 130402256.000000
1570 0.000012 131888432.000000
1571 0.000012 131972440.000000
1572 0.000012 132056448.000000
1573 0.000012 132140448.000000
1574 0.000012 132224456.000000
1575 0.000012 132308464.000000
1576 0.000012 132392464.000000
1577 0.000012 132476472.000000
1578 0.000012 132560480.000000
1579 0.000012 132644480.000000
1580 0.000012 132728488.000000
1581 0.000012 132812496.000000
1582 0.000012 132896496.000000
1583 0.000012 132980504.000000
1584 0.000012 133064512.000000
1585 0.000012 133148512.000000
1586 0.000012 133232520.000000
1587 0.000012 133316528.000000
1588 0.000012 133400528.000000
1589 0.000012 133484536.000000
1590 0.000012 133568544.000000
1591 0.000012 133652544.000000
1592 0.000012 133736552.000000
1593 0.000012 133820560.000000
1594 0.000012 133904560.000000
1595 0.000012 133988568.000000
1596 0.000012 134072576.000000
1597 0.000012 134156584.000000
1598 0.000012 134240592.000000
1599 0.000012 134324592.000000
1600 0.000012 134408592.000000
1601 0.000012 134492608.000000
1602 0.000012 134576608.000000
1603 0.000012 134660608.000000
1604 0.000012 134744624.000000
1605 0.000012 134828624.000000
1606 0.000012 134912624.000000
1607 0.000012 134996640.000000
1608 0.000012 135080640.000000
1609 0.000012 135164640.000000
1610 0.000012 135248656.000000
1611 0.000012 135332656.000000
1612 0.000012 135416656.000000
1613 0.000012 135500672.000000
1614 0.000012 135584672.000000
1615 0.000012 135668672.000000
1616 0.000012 135752688.000000
1617 0.000012 134391616.000000
1618 0.000012 135920688.000000
1619 0.000012 136004704.000000
1620 0.000012 136088704.000000
1621 0.000012 136172704.000000
1622 0.000012 136256720.000000
1623 0.000012 134890288.000000
1624 0.000012 136424720.000000
1625 0.000012 136508736.000000
1626 0.000012 136592736.000000
1627 0.000012 136676736.000000
1628 0.000012 136760752.000000
1629 0.000012 136844752.000000
1630 0.000012 136928752.000000
1631 0.000012 137012768.000000
1632 0.000012 137096768.000000
1633 0.000012 137180768.000000
1634 0.000012 137264784.000000
1635 0.000012 137348784.000000
1636 0.000012 137432784.000000
1637 0.000012 137516800.000000
1638 0.000012 137600800.000000
1639 0.000012 137684800.000000
1640 0.000012 136303184.000000
1641 0.000012 137852816.000000
1642 0.000012 137936816.000000
1643 0.000012 138020832.000000
1644 0.000012 138104832.000000
1645 0.000012 138188832.000000
1646 0.000012 138272848.000000
1647 0.000012 138356848.000000
1648 0.000012 138440848.000000
1649 0.000012 138524864.000000
1650 0.000012 138608864.000000
1651 0.000012 138692864.000000
1652 0.000012 138776880.000000
1653 0.000012 140370240.000000
1654 0.000012 138944880.000000
1655 0.000012 139028896.000000
1656 0.000012 139112896.000000
1657 0.000012 137716096.000000
1658 0.000012 139280912.000000
1659 0.000012 139364912.000000
1660 0.000012 139448912.000000
1661 0.000012 139532928.000000
1662 0.000012 139616928.000000
1663 0.000012 139700928.000000
1664 0.000012 139784944.000000
1665 0.000012 138380976.000000
1666 0.000012 139952944.000000
1667 0.000012 140036960.000000
1668 0.000012 140120960.000000
1669 0.000012 140204960.000000
1670 0.000012 140288976.000000
1671 0.000012 140372976.000000
1672 0.000012 140456976.000000
1673 0.000012 140540992.000000
1674 0.000012 140624992.000000
1675 0.000012 140708992.000000
1676 0.000012 140793008.000000
1677 0.000012 140877008.000000
1678 0.000012 140961008.000000
1679 0.000012 141045024.000000
1680 0.000012 141129024.000000
1681 0.000012 141213024.000000
1682 0.000012 141297040.000000
1683 0.000012 141381040.000000
1684 0.000012 141465040.000000
1685 0.000012 141549056.000000
1686 0.000012 141633056.000000
1687 0.000012 141717056.000000
1688 0.000012 141801072.000000
1689 0.000012 143427312.000000
1690 0.000012 140458768.000000
1691 0.000012 140541888.000000
1692 0.000012 143682064.000000
1693 0.000012 143766976.000000
1694 0.000012 143851904.000000
1695 0.000012 140874336.000000
1696 0.000012 140957440.000000
1697 0.000012 141040560.000000
1698 0.000012 144191568.000000
1699 0.000012 144276496.000000
1700 0.000012 141289888.000000
1701 0.000012 144446336.000000
1702 0.000012 144531248.000000
1703 0.000012 141539232.000000
1704 0.000012 141622336.000000
1705 0.000012 141705456.000000
1706 0.000012 141788560.000000
1707 0.000012 141871680.000000
1708 0.000012 141954784.000000
1709 0.000012 142037904.000000
1710 0.000012 142121008.000000
1711 0.000012 142204128.000000
1712 0.000012 145380432.000000
1713 0.000012 142370352.000000
1714 0.000012 142453456.000000
1715 0.000012 142536576.000000
1716 0.000012 142619680.000000
1717 0.000012 142702784.000000
1718 0.000012 145889952.000000
1719 0.000012 145974864.000000
1720 0.000012 146059776.000000
1721 0.000012 143035232.000000
1722 0.000012 143118352.000000
1723 0.000012 146314544.000000
1724 0.000012 143284576.000000
1725 0.000012 146484368.000000
1726 0.000012 143450800.000000
1727 0.000012 143533904.000000
1728 0.000012 146739136.000000
1729 0.000012 146824048.000000
1730 0.000012 146908960.000000
1731 0.000012 143866352.000000
1732 0.000012 143949472.000000
1733 0.000012 144032576.000000
1734 0.000012 144115696.000000
1735 0.000012 144198800.000000
1736 0.000012 144281920.000000
1737 0.000012 144365024.000000
1738 0.000012 144448144.000000
1739 0.000012 147673232.000000
1740 0.000012 147758144.000000
1741 0.000012 147843072.000000
1742 0.000012 147927984.000000
1743 0.000012 144863696.000000
1744 0.000012 148097824.000000
1745 0.000012 145029920.000000
1746 0.000012 148267664.000000
1747 0.000012 145196144.000000
1748 0.000012 145279248.000000
1749 0.000012 145362368.000000
1750 0.000012 148607344.000000
1751 0.000012 148692256.000000
1752 0.000012 148777168.000000
1753 0.000012 145694816.000000
1754 0.000012 145777920.000000
1755 0.000012 149031936.000000
1756 0.000012 149116848.000000
1757 0.000012 146027264.000000
1758 0.000012 149286688.000000
1759 0.000012 146193488.000000
1760 0.000012 146276592.000000
1761 0.000012 149541440.000000
1762 0.000012 146442816.000000
1763 0.000012 149711280.000000
1764 0.000012 149796192.000000
1765 0.000012 146692160.000000
1766 0.000012 146775264.000000
1767 0.000012 146858384.000000
1768 0.000012 150135872.000000
1769 0.000012 150220784.000000
1770 0.000012 147107712.000000
1771 0.000012 147190816.000000
1772 0.000012 147273936.000000
1773 0.000012 150560464.000000
1774 0.000012 147440160.000000
1775 0.000012 150730304.000000
1776 0.000012 147606384.000000
1777 0.000012 150900128.000000
1778 0.000012 147772608.000000
1779 0.000012 151069968.000000
1780 0.000012 151154896.000000
1781 0.000012 151239808.000000
1782 0.000012 151324720.000000
1783 0.000012 151409648.000000
1784 0.000012 148271280.000000
1785 0.000012 151579488.000000
1786 0.000012 148437504.000000
1787 0.000012 151749312.000000
1788 0.000012 148603728.000000
1789 0.000012 148686832.000000
1790 0.000012 148769952.000000
1791 0.000012 148853056.000000
1792 0.000012 152173920.000000
1793 0.000012 152258832.000000
1794 0.000012 152343744.000000
1795 0.000012 149185504.000000
1796 0.000012 152513584.000000
1797 0.000012 152598512.000000
1798 0.000012 152683424.000000
1799 0.000012 152768336.000000
1800 0.000012 152853264.000000
1801 0.000012 149684176.000000
1802 0.000012 149767280.000000
1803 0.000012 153108016.000000
1804 0.000012 149933504.000000
1805 0.000012 150016624.000000
1806 0.000012 150099728.000000
1807 0.000012 150182848.000000
1808 0.000012 150265952.000000
1809 0.000012 150349072.000000
1810 0.000012 150432176.000000
1811 0.000012 150515296.000000
1812 0.000012 150598400.000000
1813 0.000012 153957200.000000
1814 0.000012 150764624.000000
1815 0.000012 150847744.000000
1816 0.000012 154211952.000000
1817 0.000012 151013968.000000
1818 0.000012 151097072.000000
1819 0.000012 154466704.000000
1820 0.000012 154551632.000000
1821 0.000012 151346416.000000
1822 0.000012 151429520.000000
1823 0.000012 151512624.000000
1824 0.000012 151595744.000000
1825 0.000012 151678848.000000
1826 0.000012 155061136.000000
1827 0.000012 151845072.000000
1828 0.000012 151928192.000000
1829 0.000012 152011296.000000
1830 0.000012 152094416.000000
1831 0.000012 155485728.000000
1832 0.000012 152260640.000000
1833 0.000012 152343744.000000
1834 0.000012 152426864.000000
1835 0.000012 155825408.000000
1836 0.000012 155910320.000000
1837 0.000012 155995248.000000
1838 0.000012 156080160.000000
1839 0.000012 152842416.000000
1840 0.000012 152925536.000000
1841 0.000012 153008640.000000
1842 0.000012 153091760.000000
1843 0.000012 156504752.000000
1844 0.000012 153257984.000000
1845 0.000012 153341088.000000
1846 0.000012 153424208.000000
1847 0.000012 153507312.000000
1848 0.000012 153590432.000000
1849 0.000012 157014272.000000
1850 0.000012 157099184.000000
1851 0.000012 153839760.000000
1852 0.000012 157269024.000000
1853 0.000012 154005984.000000
1854 0.000012 157438864.000000
1855 0.000012 157523776.000000
1856 0.000012 154255312.000000
1857 0.000012 154338432.000000
1858 0.000012 157778528.000000
1859 0.000012 154504656.000000
1860 0.000012 157948368.000000
1861 0.000012 154670880.000000
1862 0.000012 158118208.000000
1863 0.000012 154837104.000000
1864 0.000012 154920208.000000
1865 0.000012 158372960.000000
1866 0.000012 158457872.000000
1867 0.000012 158542800.000000
1868 0.000012 155252656.000000
1869 0.000012 158712640.000000
1870 0.000012 158797552.000000
1871 0.000012 158882464.000000
1872 0.000012 155585104.000000
1873 0.000012 159052304.000000
1874 0.000012 159137232.000000
1875 0.000012 159222144.000000
1876 0.000012 159307072.000000
1877 0.000012 159391984.000000
1878 0.000012 159476896.000000
1879 0.000012 156166880.000000
1880 0.000012 156250000.000000
1881 0.000012 156333104.000000
1882 0.000012 156416224.000000
1883 0.000012 156499328.000000
1884 0.000012 159986416.000000
1885 0.000012 160071328.000000
1886 0.000012 160156256.000000
1887 0.000012 156831776.000000
1888 0.000012 156914896.000000
1889 0.000012 160411008.000000
1890 0.000012 157081120.000000
1891 0.000012 160580848.000000
1892 0.000012 160665760.000000
1893 0.000012 160750672.000000
1894 0.000012 157413568.000000
1895 0.000012 160920512.000000
1896 0.000012 161005440.000000
1897 0.000012 157662896.000000
1898 0.000012 157746016.000000
1899 0.000012 157829120.000000
1900 0.000012 157912240.000000
1901 0.000012 161430032.000000
1902 0.000012 158078464.000000
1903 0.000012 158161568.000000
1904 0.000012 158244672.000000
1905 0.000012 158327792.000000
1906 0.000012 158410896.000000
1907 0.000012 158494016.000000
1908 0.000012 158577120.000000
1909 0.000012 162109376.000000
1910 0.000012 158743344.000000
1911 0.000012 162279216.000000
1912 0.000012 158909568.000000
1913 0.000012 158992688.000000
1914 0.000012 159075792.000000
1915 0.000012 159158912.000000
1916 0.000012 159242016.000000
1917 0.000012 162788720.000000
1918 0.000012 162873648.000000
1919 0.000012 159491360.000000
1920 0.000012 159574464.000000
1921 0.000012 159657584.000000
1922 0.000012 163213312.000000
1923 0.000012 159823808.000000
1924 0.000012 159906912.000000
1925 0.000012 163468064.000000
1926 0.000012 160073136.000000
1927 0.000012 160156256.000000
1928 0.000012 160239360.000000
1929 0.000012 160322480.000000
1930 0.000012 163892656.000000
1931 0.000012 160488688.000000
1932 0.000012 164062496.000000
1933 0.000012 164147424.000000
1934 0.000012 160738032.000000
1935 0.000012 160821136.000000
1936 0.000012 164402176.000000
1937 0.000012 164487088.000000
1938 0.000012 164572016.000000
1939 0.000012 161153584.000000
1940 0.000012 164741840.000000
1941 0.000012 164826768.000000
1942 0.000012 161402928.000000
1943 0.000012 161486032.000000
1944 0.000012 161569152.000000
1945 0.000012 165166432.000000
1946 0.000012 161735376.000000
1947 0.000012 161818480.000000
1948 0.000012 161901600.000000
1949 0.000012 161984704.000000
1950 0.000012 165591024.000000
1951 0.000012 162150928.000000
1952 0.000012 162234048.000000
1953 0.000012 162317152.000000
1954 0.000012 162400272.000000
1955 0.000012 162483376.000000
1956 0.000012 162566496.000000
1957 0.000012 166185456.000000
1958 0.000012 162732704.000000
1959 0.000012 162815824.000000
1960 0.000012 166440224.000000
1961 0.000012 166525136.000000
1962 0.000012 163065152.000000
1963 0.000012 166694976.000000
1964 0.000012 163231376.000000
1965 0.000012 163314496.000000
1966 0.000012 166949728.000000
1967 0.000012 167034640.000000
1968 0.000012 167119568.000000
1969 0.000012 163646944.000000
1970 0.000012 167289408.000000
1971 0.000012 167374320.000000
1972 0.000012 167459232.000000
1973 0.000012 167544160.000000
1974 0.000012 167629072.000000
1975 0.000012 164145616.000000
1976 0.000012 164228720.000000
1977 0.000012 167883824.000000
1978 0.000012 167968752.000000
1979 0.000012 164478064.000000
1980 0.000012 168138592.000000
1981 0.000012 168223504.000000
1982 0.000012 164727392.000000
1983 0.000012 164810512.000000
1984 0.000012 168478256.000000
1985 0.000012 164976720.000000
1986 0.000012 168648096.000000
1987 0.000012 168733008.000000
1988 0.000012 165226064.000000
1989 0.000012 168902848.000000
1990 0.000012 165392288.000000
1991 0.000012 165475392.000000
1992 0.000012 165558512.000000
1993 0.000012 165641616.000000
1994 0.000012 165724736.000000
1995 0.000012 165807840.000000
1996 0.000012 165890960.000000
1997 0.000012 169582208.000000
1998 0.000012 169667120.000000
1999 0.000012 166140288.000000
2000 0.000012 166223408.000000
2001 0.000012 166306512.000000
2002 0.000012 170006800.000000
2003 0.000012 170091712.000000
2004 0.000012 166555856.000000
2005 0.000012 166638960.000000
2006 0.000012 166722080.000000
2007 0.000012 166805184.000000
2008 0.000012 170516304.000000
2009 0.000012 166971408.000000
2010 0.000012 170686144.000000
2011 0.000012 170771056.000000
2012 0.000012 170855984.000000
2013 0.000012 170940896.000000
2014 0.000012 171025808.000000
2015 0.000012 167470080.000000
2016 0.000012 167553184.000000
2017 0.000012 171280576.000000
2018 0.000012 167719408.000000
2019 0.000012 167802528.000000
2020 0.000012 167885632.000000
2021 0.000012 171620240.000000
2022 0.000012 168051856.000000
2023 0.000012 168134976.000000
2024 0.000012 168218080.000000
2025 0.000012 168301200.000000
2026 0.000012 168384304.000000
2027 0.000012 172129760.000000
2028 0.000012 172214672.000000
2029 0.000012 172299584.000000
2030 0.000012 172384512.000000
2031 0.000012 168799872.000000
2032 0.000012 172554352.000000
2033 0.000012 172639264.000000
2034 0.000012 169049200.000000
2035 0.000012 169132320.000000
2036 0.000012 172894016.000000
2037 0.000012 169298544.000000
2038 0.000012 173063856.000000
2039 0.000012 169464752.000000
2040 0.000012 173233696.000000
2041 0.000012 169630976.000000
2042 0.000012 173403536.000000
2043 0.000012 169797200.000000
2044 0.000012 173573376.000000
2045 0.000012 169963424.000000
2046 0.000012 173743200.000000
2047 0.000012 173828128.000000
Close cluster after end of computation.
Launching execution with command:
gap8-openocd -d0 -c 'gdb_port disabled; telnet_port disabled; tcl_port disabled' -f interface/ftdi/gapuino_ftdi.cfg -f target/gap8revb.tcl -f tcl/jtag_boot_entry.tcl -c 'gap8_jtag_load_binary_and_start "/home/gap8/gap_sdk/Transfer_GAP8-_test_Memory/BUILD/GAP8_V3/GCC_RISCV_PULPOS/test_mem" elf 0x1c000080'
