gapy --target=gapuino_v3 --platform=board --work-dir=/home/gap8/gap_sdk/Transfer_GAP8-_test_Memory/BUILD/GAP8_V3/GCC_RISCV_PULPOS      run --exec-prepare --exec --binary=/home/gap8/gap_sdk/Transfer_GAP8-_test_Memory/BUILD/GAP8_V3/GCC_RISCV_PULPOS/test_mem  
TARGET create
GAP8 INIT TARGET
GAP8 examine target
Init jtag
Initialising GAP8 JTAG TAP
Loading binary through JTAG
1 0.000015 68549.492188
2 0.000016 128246.234375
3 0.000017 180712.015625
4 0.000010 385505.031250
5 0.000024 211676.046875
6 0.000025 243625.140625
7 0.000026 273394.781250
8 0.000013 630169.375000
9 0.000026 346954.531250
10 0.000027 371098.843750
11 0.000028 393926.375000
12 0.000015 799254.000000
13 0.000028 460503.000000
14 0.000029 479386.375000
15 0.000030 495998.937500
16 0.000017 921446.687500
17 0.000031 556501.250000
18 0.000032 570414.500000
19 0.000033 584040.312500
20 0.000020 1017604.562500
21 0.000033 638336.625000
22 0.000034 649465.625000
23 0.000035 659971.312500
24 0.000022 1092299.250000
25 0.000035 709904.625000
26 0.000036 718311.375000
27 0.000037 725806.437500
28 0.000024 1152642.875000
29 0.000038 773168.437500
30 0.000039 778978.000000
31 0.000039 784969.125000
32 0.000027 1202465.000000
33 0.000040 828646.000000
34 0.000041 832598.687500
35 0.000042 837160.312500
36 0.000029 1244297.000000
37 0.000042 877942.250000
38 0.000043 880608.062500
39 0.000044 883792.625000
40 0.000031 1278772.375000
41 0.000044 922094.312500
42 0.000045 923726.625000
43 0.000046 925208.750000
44 0.000034 1310772.250000
45 0.000047 961867.312500
46 0.000048 963794.875000
47 0.000049 963746.750000
48 0.000036 1336302.875000
49 0.000049 998532.750000
50 0.000050 997844.687500
51 0.000051 998277.437500
52 0.000038 1360971.500000
53 0.000051 1030727.312500
54 0.000052 1029905.375000
55 0.000053 1029885.375000
56 0.000041 1380670.625000
57 0.000054 1060741.375000
58 0.000055 1059476.750000
59 0.000056 1058106.125000
60 0.000043 1399514.750000
61 0.000056 1088197.500000
62 0.000057 1085738.250000
63 0.000058 1084860.125000
64 0.000045 1417183.375000
65 0.000058 1113929.250000
66 0.000059 1111410.500000
67 0.000060 1110006.625000
68 0.000048 1430976.500000
69 0.000061 1136663.125000
70 0.000062 1134448.375000
71 0.000063 1132159.750000
72 0.000050 1445550.875000
73 0.000063 1157848.000000
74 0.000064 1155816.500000
75 0.000065 1153278.375000
76 0.000052 1457949.750000
77 0.000065 1178379.000000
78 0.000066 1175690.375000
79 0.000067 1173081.500000
80 0.000054 1468644.500000
81 0.000068 1197091.500000
82 0.000069 1194082.000000
83 0.000070 1191843.750000
84 0.000057 1478873.250000
85 0.000070 1214702.250000
86 0.000071 1211677.250000
87 0.000072 1209005.000000
88 0.000059 1489505.750000
89 0.000072 1231050.125000
90 0.000073 1227897.750000
91 0.000074 1224566.625000
92 0.000061 1497590.750000
93 0.000075 1246381.500000
94 0.000076 1242991.750000
95 0.000077 1239691.000000
96 0.000064 1506591.375000
97 0.000077 1260788.250000
98 0.000078 1257312.875000
99 0.000079 1253926.500000
100 0.000066 1513500.375000
101 0.000079 1274351.500000
102 0.000080 1270806.375000
103 0.000081 1267349.250000
104 0.000068 1520645.625000
105 0.000082 1287143.250000
106 0.000083 1283541.500000
107 0.000084 1279659.375000
108 0.000071 1527322.125000
109 0.000084 1299351.500000
110 0.000085 1295580.875000
111 0.000086 1292140.000000
112 0.000073 1534246.625000
113 0.000086 1310783.250000
114 0.000087 1307099.750000
115 0.000088 1303973.125000
116 0.000075 1540259.125000
117 0.000089 1321615.750000
118 0.000090 1317199.500000
119 0.000091 1314278.125000
120 0.000078 1544799.125000
121 0.000091 1331895.000000
122 0.000092 1327703.250000
123 0.000093 1324517.625000
124 0.000080 1550930.625000
125 0.000093 1341662.375000
126 0.000094 1337920.500000
127 0.000095 1333809.500000
128 0.000082 1555814.750000
129 0.000095 1350955.125000
130 0.000097 1346759.500000
131 0.000097 1343975.750000
132 0.000085 1559841.125000
133 0.000098 1359806.875000
134 0.000099 1356055.625000
135 0.000100 1352380.250000
136 0.000087 1564801.250000
137 0.000100 1367811.500000
138 0.000101 1364715.125000
139 0.000102 1361250.375000
140 0.000089 1568944.000000
141 0.000102 1375878.250000
142 0.000103 1372564.250000
143 0.000104 1368892.625000
144 0.000092 1572876.625000
145 0.000105 1384010.375000
146 0.000106 1380275.375000
147 0.000107 1376610.750000
148 0.000094 1576077.625000
149 0.000107 1391379.000000
150 0.000108 1387655.375000
151 0.000109 1384203.500000
152 0.000096 1580173.000000
153 0.000109 1398435.250000
154 0.000110 1394321.250000
155 0.000111 1391082.750000
156 0.000099 1583049.250000
157 0.000112 1404997.125000
158 0.000113 1401504.375000
159 0.000114 1397876.000000
160 0.000101 1586294.375000
161 0.000114 1411488.250000
162 0.000115 1408010.000000
163 0.000116 1404397.625000
164 0.000103 1589393.750000
165 0.000116 1417915.500000
166 0.000117 1414644.125000
167 0.000118 1410663.500000
168 0.000106 1592356.750000
169 0.000119 1423901.250000
170 0.000120 1420644.500000
171 0.000121 1416876.625000
172 0.000108 1595192.250000
173 0.000121 1429468.500000
174 0.000122 1426042.500000
175 0.000123 1422486.625000
176 0.000110 1597908.250000
177 0.000123 1435011.000000
178 0.000124 1431604.625000
179 0.000125 1428252.250000
180 0.000112 1600512.125000
181 0.000126 1440532.250000
182 0.000127 1436781.500000
183 0.000128 1433630.125000
184 0.000115 1603457.875000
185 0.000128 1445673.875000
186 0.000129 1441771.125000
187 0.000130 1438284.625000
188 0.000117 1605410.625000
189 0.000130 1450810.500000
190 0.000131 1446759.125000
191 0.000132 1443819.625000
192 0.000119 1607717.000000
193 0.000133 1455417.500000
194 0.000134 1451921.875000
195 0.000135 1448306.625000
196 0.000122 1610147.250000
197 0.000135 1460557.500000
198 0.000136 1456567.750000
199 0.000137 1453148.750000
200 0.000124 1612279.000000
201 0.000137 1464331.500000
202 0.000138 1460888.625000
203 0.000139 1457830.625000
204 0.000126 1614332.750000
205 0.000140 1468986.500000
206 0.000141 1465566.250000
207 0.000142 1462194.875000
208 0.000129 1616312.375000
209 0.000142 1472826.750000
210 0.000143 1469765.000000
211 0.000144 1466418.375000
212 0.000131 1618221.875000
213 0.000144 1477197.250000
214 0.000145 1473829.250000
215 0.000146 1470186.000000
216 0.000133 1620064.750000
217 0.000147 1481107.375000
218 0.000148 1477765.625000
219 0.000149 1474469.500000
220 0.000136 1621844.875000
221 0.000149 1484257.500000
222 0.000150 1481263.875000
223 0.000151 1478309.250000
224 0.000138 1623188.375000
225 0.000151 1488725.375000
226 0.000152 1484966.500000
227 0.000153 1481878.000000
228 0.000140 1625228.125000
229 0.000154 1491817.875000
230 0.000154 1489020.000000
231 0.000156 1485339.375000
232 0.000143 1626654.625000
233 0.000156 1495123.250000
234 0.000157 1492346.875000
235 0.000158 1489000.500000
236 0.000145 1628035.375000
237 0.000158 1498634.125000
238 0.000159 1495876.875000
239 0.000160 1492556.000000
240 0.000147 1630434.750000
241 0.000160 1502044.250000
242 0.000161 1499009.000000
243 0.000162 1495716.000000
244 0.000150 1631365.000000
245 0.000163 1505062.000000
246 0.000164 1502051.625000
247 0.000165 1499077.625000
248 0.000152 1632954.125000
249 0.000165 1508286.500000
250 0.000166 1505008.625000
251 0.000167 1502058.500000
252 0.000154 1634156.500000
253 0.000167 1511422.250000
254 0.000168 1507883.750000
255 0.000169 1505241.750000
256 0.000157 1635657.250000
257 0.000170 1514187.500000
258 0.000171 1510963.250000
259 0.000172 1508058.500000
260 0.000159 1636784.750000
261 0.000172 1517441.875000
262 0.000173 1513960.750000
263 0.000174 1511077.375000
264 0.000161 1637879.750000
265 0.000174 1519774.375000
266 0.000175 1516879.625000
267 0.000176 1514017.500000
268 0.000164 1638943.375000
269 0.000177 1522595.625000
270 0.000178 1519722.625000
271 0.000179 1516338.375000
272 0.000166 1640609.875000
273 0.000179 1524799.000000
274 0.000180 1522492.875000
275 0.000181 1519135.500000
276 0.000168 1641918.750000
277 0.000181 1527483.625000
278 0.000182 1524657.750000
279 0.000183 1521596.875000
280 0.000170 1642575.625000
281 0.000184 1529834.500000
282 0.000185 1527031.750000
283 0.000186 1524258.875000
284 0.000173 1644127.375000
285 0.000186 1532389.875000
286 0.000187 1529870.000000
287 0.000188 1526595.875000
288 0.000175 1645037.500000
289 0.000188 1534882.750000
290 0.000189 1532121.625000
291 0.000190 1529389.375000
292 0.000177 1645923.500000
293 0.000191 1537315.250000
294 0.000192 1534318.625000
295 0.000193 1531608.250000
296 0.000180 1647079.875000
297 0.000193 1539179.125000
298 0.000194 1536716.125000
299 0.000195 1534025.625000
300 0.000182 1647917.125000
301 0.000195 1541755.375000
302 0.000196 1539057.375000
303 0.000197 1535888.000000
304 0.000184 1648733.125000
305 0.000198 1544022.250000
306 0.000199 1541095.875000
307 0.000200 1538446.125000
308 0.000187 1649811.375000
309 0.000200 1545742.000000
310 0.000201 1543087.000000
311 0.000202 1540213.875000
312 0.000189 1650863.625000
313 0.000202 1547911.000000
314 0.000203 1545275.500000
315 0.000204 1542665.750000
316 0.000191 1651614.000000
317 0.000205 1550031.250000
318 0.000206 1547174.250000
319 0.000207 1544345.500000
320 0.000194 1652346.250000
321 0.000207 1552104.375000
322 0.000208 1549030.125000
323 0.000209 1546460.875000
324 0.000196 1653601.250000
325 0.000209 1553893.875000
326 0.000210 1551317.125000
327 0.000211 1548530.000000
328 0.000198 1654026.125000
329 0.000211 1555643.875000
330 0.000213 1552853.375000
331 0.000213 1550554.625000
332 0.000201 1654968.875000
333 0.000214 1557355.500000
334 0.000215 1554819.000000
335 0.000216 1552075.625000
336 0.000203 1655629.250000
337 0.000216 1559492.125000
338 0.000217 1556742.750000
339 0.000218 1554247.250000
340 0.000205 1656274.250000
341 0.000218 1561126.625000
342 0.000219 1558626.250000
343 0.000220 1555922.500000
344 0.000208 1657160.625000
345 0.000221 1562500.000000
346 0.000222 1560020.250000
347 0.000223 1558010.000000
348 0.000210 1658279.875000
349 0.000223 1564292.875000
350 0.000224 1561830.625000
351 0.000225 1559390.125000
352 0.000212 1658624.750000
353 0.000225 1566271.500000
354 0.000226 1563383.375000
355 0.000227 1560961.000000
356 0.000215 1659209.500000
357 0.000228 1567549.625000
358 0.000229 1565342.000000
359 0.000230 1562717.625000
360 0.000217 1660271.625000
361 0.000230 1569237.750000
362 0.000231 1566828.250000
363 0.000232 1564439.375000
364 0.000219 1660826.375000
365 0.000232 1570892.375000
366 0.000233 1568499.625000
367 0.000234 1565913.500000
368 0.000221 1661609.625000
369 0.000235 1572729.125000
370 0.000236 1569712.125000
371 0.000237 1567358.375000
372 0.000224 1662139.000000
373 0.000237 1573680.375000
374 0.000238 1571111.750000
375 0.000239 1568985.250000
376 0.000226 1662657.500000
377 0.000239 1575454.625000
378 0.000240 1572902.875000
379 0.000241 1570580.875000
380 0.000228 1663398.250000
381 0.000242 1576777.875000
382 0.000243 1574245.000000
383 0.000244 1571939.875000
384 0.000231 1664124.250000
385 0.000244 1578075.875000
386 0.000245 1575767.625000
387 0.000246 1573273.000000
388 0.000233 1664607.250000
389 0.000246 1579554.375000
390 0.000247 1577057.375000
391 0.000248 1574581.250000
392 0.000235 1665080.875000
393 0.000249 1580801.875000
394 0.000250 1578323.375000
395 0.000251 1576267.500000
396 0.000238 1665769.250000
397 0.000251 1582026.250000
398 0.000252 1579766.250000
399 0.000253 1577524.000000
400 0.000240 1666666.750000
401 0.000253 1583428.125000
402 0.000254 1581183.125000
403 0.000255 1578955.625000
404 0.000242 1666886.750000
405 0.000256 1584606.250000
406 0.000257 1582377.250000
407 0.000258 1580361.625000
408 0.000245 1667538.625000
409 0.000258 1585763.000000
410 0.000259 1583745.375000
411 0.000260 1581547.875000
412 0.000247 1667962.250000
413 0.000260 1587289.375000
414 0.000261 1584895.125000
415 0.000262 1582519.750000
416 0.000249 1668592.000000
417 0.000263 1588402.125000
418 0.000264 1586024.750000
419 0.000265 1583666.000000
420 0.000252 1669210.250000
421 0.000265 1589495.000000
422 0.000266 1587516.625000
423 0.000267 1584982.000000
424 0.000254 1669606.875000
425 0.000267 1590759.500000
426 0.000268 1588414.250000
427 0.000269 1586652.750000
428 0.000256 1670204.625000
429 0.000270 1591813.125000
430 0.000271 1589484.375000
431 0.000271 1587547.125000
432 0.000259 1670792.125000
433 0.000272 1593036.250000
434 0.000273 1590722.500000
435 0.000274 1588797.375000
436 0.000261 1670959.000000
437 0.000274 1594239.000000
438 0.000275 1591940.000000
439 0.000276 1589658.250000
440 0.000263 1671529.375000
441 0.000276 1595421.250000
442 0.000277 1593137.250000
443 0.000278 1590870.000000
444 0.000266 1672089.625000
445 0.000279 1596217.750000
446 0.000280 1593950.125000
447 0.000281 1592061.750000
448 0.000268 1672640.500000
449 0.000281 1597364.500000
450 0.000282 1595111.125000
451 0.000283 1593234.250000
452 0.000270 1672785.500000
453 0.000283 1598492.500000
454 0.000284 1596253.375000
455 0.000285 1594387.750000
456 0.000273 1673320.750000
457 0.000286 1599602.375000
458 0.000287 1597377.250000
459 0.000288 1595522.750000
460 0.000275 1673847.250000
461 0.000288 1600338.750000
462 0.000289 1598483.125000
463 0.000290 1596287.375000
464 0.000277 1673978.250000
465 0.000290 1601416.250000
466 0.000291 1599220.250000
467 0.000292 1597389.500000
468 0.000279 1674490.625000
469 0.000293 1602827.000000
470 0.000294 1600294.250000
471 0.000295 1598474.125000
472 0.000282 1674994.250000
473 0.000295 1603520.375000
474 0.000296 1601351.250000
475 0.000297 1599197.375000
476 0.000284 1675112.625000
477 0.000297 1604202.500000
478 0.000298 1602392.250000
479 0.000299 1600251.250000
480 0.000286 1675977.625000
481 0.000300 1605216.875000
482 0.000301 1603417.000000
483 0.000302 1600949.250000
484 0.000289 1676086.000000
485 0.000302 1606556.125000
486 0.000303 1604087.375000
487 0.000304 1602310.875000
488 0.000291 1676561.125000
489 0.000304 1606861.125000
490 0.000305 1605083.875000
491 0.000306 1603317.750000
492 0.000293 1677028.750000
493 0.000307 1608168.000000
494 0.000308 1605731.250000
495 0.000309 1603976.625000
496 0.000296 1677126.125000
497 0.000309 1609122.500000
498 0.000310 1606700.500000
499 0.000311 1604625.375000
500 0.000298 1677582.125000
501 0.000311 1609731.625000
502 0.000312 1607655.125000
503 0.000313 1605592.625000
504 0.000300 1678031.125000
505 0.000314 1610331.625000
506 0.000315 1608596.125000
507 0.000316 1606871.250000
508 0.000303 1678473.250000
509 0.000316 1611249.125000
510 0.000317 1609523.250000
511 0.000318 1607160.750000
512 0.000305 1678556.375000
513 0.000318 1612153.000000
514 0.000319 1610114.250000
515 0.000320 1608409.875000
516 0.000311 1659633.625000
517 0.000325 1591435.250000
518 0.000326 1589503.000000
519 0.000327 1587894.000000
520 0.000313 1660196.125000
521 0.000327 1592454.125000
522 0.000328 1590532.375000
523 0.000329 1588931.625000
524 0.000316 1660750.625000
525 0.000330 1593149.250000
526 0.000330 1591547.125000
527 0.000332 1589647.750000
528 0.000318 1660962.375000
529 0.000332 1594141.750000
530 0.000333 1592242.000000
531 0.000334 1590658.500000
532 0.000320 1661503.000000
533 0.000334 1595120.750000
534 0.000335 1593230.875000
535 0.000336 1591352.500000
536 0.000322 1662036.125000
537 0.000336 1596086.125000
538 0.000338 1593904.000000
539 0.000338 1592337.875000
540 0.000325 1662561.375000
541 0.000339 1596736.875000
542 0.000340 1595168.500000
543 0.000341 1593310.000000
544 0.000327 1663079.625000
545 0.000341 1597678.250000
546 0.000342 1595819.250000
547 0.000343 1594268.750000
548 0.000329 1663267.250000
549 0.000343 1598309.125000
550 0.000344 1597054.375000
551 0.000345 1595215.000000
552 0.000332 1663773.250000
553 0.000346 1599523.250000
554 0.000347 1597683.625000
555 0.000348 1595854.875000
556 0.000334 1664272.000000
557 0.000348 1600427.625000
558 0.000349 1598597.375000
559 0.000350 1596486.000000
560 0.000336 1664764.125000
561 0.000350 1601027.500000
562 0.000351 1599207.750000
563 0.000352 1597688.875000
564 0.000339 1664934.875000
565 0.000353 1601619.250000
566 0.000354 1600099.625000
567 0.000355 1598588.125000
568 0.000341 1665415.625000
569 0.000355 1602780.750000
570 0.000356 1600692.000000
571 0.000357 1599475.625000
572 0.000343 1665579.500000
573 0.000357 1603353.375000
574 0.000358 1601848.625000
575 0.000359 1600066.750000
576 0.000346 1666049.500000
577 0.000360 1604203.750000
578 0.000361 1602422.000000
579 0.000362 1600933.500000
580 0.000348 1666513.500000
581 0.000362 1605043.250000
582 0.000363 1603270.500000
583 0.000364 1601789.125000
584 0.000350 1666971.125000
585 0.000364 1605590.250000
586 0.000365 1604108.250000
587 0.000366 1602354.125000
588 0.000353 1667422.875000
589 0.000367 1606410.375000
590 0.000368 1604656.125000
591 0.000369 1603468.500000
592 0.000355 1667868.750000
593 0.000369 1607220.250000
594 0.000370 1605474.875000
595 0.000371 1604015.625000
596 0.000357 1668010.000000
597 0.000371 1607743.000000
598 0.000372 1606283.375000
599 0.000373 1604831.000000
600 0.000360 1668446.250000
601 0.000374 1608810.125000
602 0.000375 1607081.875000
603 0.000376 1605362.875000
604 0.000362 1668582.000000
605 0.000376 1609316.375000
606 0.000377 1607870.625000
607 0.000378 1606160.125000
608 0.000364 1669302.500000
609 0.000378 1610088.875000
610 0.000379 1608649.750000
611 0.000380 1606947.500000
612 0.000367 1669430.875000
613 0.000381 1610851.750000
614 0.000382 1609149.625000
615 0.000383 1607725.500000
616 0.000369 1669847.375000
617 0.000383 1611605.625000
618 0.000384 1609911.625000
619 0.000385 1608226.625000
620 0.000371 1670258.625000
621 0.000385 1612350.500000
622 0.000386 1610664.625000
623 0.000387 1608987.625000
624 0.000374 1670664.750000
625 0.000388 1612820.125000
626 0.000388 1611408.625000
627 0.000390 1609739.625000
628 0.000376 1670781.625000
629 0.000390 1613548.625000
630 0.000391 1611879.875000
631 0.000392 1610482.750000
632 0.000378 1671462.500000
633 0.000392 1614005.375000
634 0.000393 1612607.875000
635 0.000394 1611217.125000
636 0.000380 1671572.750000
637 0.000394 1614718.625000
638 0.000395 1613327.500000
639 0.000396 1611682.875000
640 0.000383 1671681.750000
641 0.000397 1615423.250000
642 0.000398 1613779.000000
643 0.000399 1612401.750000
644 0.000385 1672067.125000
645 0.000399 1616120.125000
646 0.000400 1614741.625000
647 0.000401 1613112.250000
648 0.000387 1672448.000000
649 0.000401 1616808.875000
650 0.000402 1615179.750000
651 0.000403 1613558.750000
652 0.000390 1672549.625000
653 0.000404 1617233.375000
654 0.000405 1615868.125000
655 0.000406 1614254.750000
656 0.000392 1672923.250000
657 0.000406 1617907.750000
658 0.000407 1616548.750000
659 0.000408 1614942.625000
660 0.000394 1673292.125000
661 0.000408 1618321.000000
662 0.000409 1617221.750000
663 0.000410 1615623.125000
664 0.000397 1673657.000000
665 0.000411 1618981.750000
666 0.000412 1617384.125000
667 0.000413 1616045.125000
668 0.000399 1674017.625000
669 0.000413 1619635.125000
670 0.000414 1618294.875000
671 0.000415 1616711.750000
672 0.000401 1674107.250000
673 0.000415 1620031.625000
674 0.000416 1618698.000000
675 0.000417 1617370.750000
676 0.000404 1674461.000000
677 0.000418 1620920.250000
678 0.000419 1619344.250000
679 0.000420 1618022.750000
680 0.000406 1674810.875000
681 0.000420 1621552.125000
682 0.000421 1619983.250000
683 0.000422 1618667.500000
684 0.000408 1675156.625000
685 0.000422 1621931.250000
686 0.000423 1620615.375000
687 0.000424 1619061.000000
688 0.000411 1675237.500000
689 0.000425 1622550.875000
690 0.000426 1621240.625000
691 0.000427 1619693.250000
692 0.000413 1675577.250000
693 0.000427 1623163.750000
694 0.000428 1621859.000000
695 0.000429 1620076.875000
696 0.000415 1676171.375000
697 0.000429 1623527.875000
698 0.000430 1622229.625000
699 0.000431 1620696.750000
700 0.000418 1676245.125000
701 0.000432 1624128.875000
702 0.000433 1622836.250000
703 0.000434 1621309.875000
704 0.000420 1676318.125000
705 0.000434 1624723.375000
706 0.000435 1623436.375000
707 0.000436 1622154.875000
708 0.000422 1676644.500000
709 0.000436 1625311.750000
710 0.000437 1624030.125000
711 0.000438 1622517.125000
712 0.000425 1676714.375000
713 0.000439 1625893.875000
714 0.000439 1624617.750000
715 0.000441 1623111.250000
716 0.000427 1677286.375000
717 0.000441 1626233.875000
718 0.000442 1624963.875000
719 0.000443 1623230.000000
720 0.000429 1677352.000000
721 0.000443 1626570.125000
722 0.000444 1625540.250000
723 0.000445 1624047.500000
724 0.000432 1677665.750000
725 0.000446 1627370.375000
726 0.000447 1625877.875000
727 0.000447 1624857.000000
728 0.000434 1677728.625000
729 0.000448 1627697.125000
730 0.000449 1626443.750000
731 0.000450 1625195.750000
732 0.000436 1678283.250000
733 0.000450 1628252.000000
734 0.000451 1626773.000000
735 0.000452 1625530.875000
736 0.000439 1678342.125000
737 0.000452 1628801.375000
738 0.000454 1627328.500000
739 0.000454 1626091.375000
740 0.000441 1678644.000000
741 0.000455 1629345.000000
742 0.000456 1628107.000000
743 0.000457 1626646.375000
744 0.000443 1679185.375000
745 0.000457 1629654.875000
746 0.000458 1628195.375000
747 0.000459 1627195.750000
748 0.000445 1679238.500000
749 0.000459 1630415.875000
750 0.000460 1628735.250000
751 0.000461 1627513.875000
752 0.000448 1679291.125000
753 0.000462 1630717.250000
754 0.000463 1629495.125000
755 0.000464 1628053.375000
756 0.000450 1679582.000000
757 0.000464 1631240.500000
758 0.000465 1629799.125000
759 0.000466 1628364.000000
760 0.000452 1679869.875000
761 0.000466 1631534.625000
762 0.000467 1630323.125000
763 0.000468 1629116.625000
764 0.000455 1680154.875000
765 0.000469 1632048.750000
766 0.000470 1630619.875000
767 0.000471 1629418.750000
768 0.000457 1680201.625000
769 0.000471 1632557.625000
770 0.000472 1631355.875000
771 0.000473 1629938.375000
772 0.000459 1680482.000000
773 0.000473 1633061.750000
774 0.000474 1631864.875000
775 0.000475 1630672.625000
776 0.000462 1680759.625000
777 0.000476 1633121.500000
778 0.000477 1632149.625000
779 0.000478 1630744.250000
780 0.000464 1681034.500000
781 0.000478 1634055.250000
782 0.000479 1632649.625000
783 0.000480 1631250.000000
784 0.000466 1680845.125000
785 0.000480 1634545.000000
786 0.000481 1632710.750000
787 0.000482 1631751.000000
788 0.000469 1681116.875000
789 0.000483 1635029.750000
790 0.000484 1633635.625000
791 0.000485 1632247.125000
792 0.000471 1681385.750000
793 0.000485 1635078.500000
794 0.000486 1634121.375000
795 0.000487 1632738.500000
796 0.000473 1681652.250000
797 0.000487 1635556.250000
798 0.000488 1634174.250000
799 0.000489 1633225.375000
800 0.000476 1681916.125000
801 0.000490 1636029.375000
802 0.000490 1635079.625000
803 0.000492 1633282.375000
804 0.000478 1682177.250000
805 0.000492 1636498.250000
806 0.000493 1635127.125000
807 0.000494 1634185.375000
808 0.000480 1682436.125000
809 0.000494 1636962.500000
810 0.000495 1635597.000000
811 0.000496 1634658.875000
812 0.000482 1683138.750000
813 0.000497 1637422.750000
814 0.000498 1636062.625000
815 0.000499 1634707.875000
816 0.000485 1682946.125000
817 0.000499 1637458.250000
818 0.000500 1636523.625000
819 0.000501 1635174.375000
820 0.000487 1683197.500000
821 0.000501 1638330.125000
822 0.000502 1636980.625000
823 0.000503 1635636.625000
824 0.000489 1683446.625000
825 0.000504 1638361.000000
826 0.000504 1637433.375000
827 0.000505 1636094.500000
828 0.000492 1683255.375000
829 0.000506 1638806.250000
830 0.000507 1637468.500000
831 0.000508 1636136.000000
832 0.000494 1683501.625000
833 0.000508 1639247.500000
834 0.000509 1637914.750000
835 0.000510 1636587.375000
836 0.000497 1683745.875000
837 0.000510 1639684.625000
838 0.000511 1638357.125000
839 0.000513 1637034.625000
840 0.000499 1683987.625000
841 0.000513 1640118.000000
842 0.000514 1638795.500000
843 0.000515 1637478.375000
844 0.000501 1684227.375000
845 0.000515 1640547.500000
846 0.000516 1639229.875000
847 0.000517 1638323.375000
848 0.000503 1684464.875000
849 0.000517 1640972.875000
850 0.000518 1639660.500000
851 0.000519 1638353.125000
852 0.000506 1684700.000000
853 0.000520 1641394.625000
854 0.000521 1640087.375000
855 0.000522 1638785.125000
856 0.000508 1684933.125000
857 0.000522 1641410.250000
858 0.000523 1640510.250000
859 0.000524 1639212.875000
860 0.000510 1684741.625000
861 0.000524 1642227.250000
862 0.000525 1640929.500000
863 0.000526 1639637.000000
864 0.000513 1684972.625000
865 0.000527 1642238.875000
866 0.000528 1641345.250000
867 0.000529 1639660.500000
868 0.000515 1685201.375000
869 0.000529 1642647.625000
870 0.000530 1641360.625000
871 0.000531 1640078.875000
872 0.000517 1685428.000000
873 0.000531 1642657.250000
874 0.000532 1641771.000000
875 0.000533 1640493.750000
876 0.000520 1685652.625000
877 0.000534 1643454.625000
878 0.000535 1642177.375000
879 0.000536 1640905.125000
880 0.000522 1685875.375000
881 0.000536 1643460.375000
882 0.000537 1642580.375000
883 0.000538 1641312.750000
884 0.000524 1686096.250000
885 0.000538 1643857.000000
886 0.000539 1642590.125000
887 0.000540 1641717.000000
888 0.000527 1686315.000000
889 0.000541 1644250.125000
890 0.000542 1643376.375000
891 0.000543 1641730.500000
892 0.000529 1686123.875000
893 0.000543 1644639.875000
894 0.000544 1643769.125000
895 0.000545 1642129.500000
896 0.000531 1686340.500000
897 0.000545 1645026.375000
898 0.000546 1644158.500000
899 0.000547 1642525.250000
900 0.000534 1686960.125000
901 0.000548 1645409.750000
902 0.000548 1644545.000000
903 0.000550 1642917.375000
904 0.000536 1686768.625000
905 0.000550 1645789.625000
906 0.000551 1644545.750000
907 0.000552 1643306.500000
908 0.000538 1686979.750000
909 0.000552 1646166.625000
910 0.000553 1644927.250000
911 0.000554 1643692.375000
912 0.000541 1686789.875000
913 0.000555 1646160.250000
914 0.000556 1645305.250000
915 0.000557 1644074.875000
916 0.000543 1687397.000000
917 0.000557 1646911.000000
918 0.000558 1645302.875000
919 0.000559 1644454.250000
920 0.000545 1687206.625000
921 0.000559 1646901.375000
922 0.000560 1645676.250000
923 0.000561 1644830.625000
924 0.000548 1687412.375000
925 0.000562 1647267.500000
926 0.000563 1646046.500000
927 0.000564 1644830.125000
928 0.000550 1688009.250000
929 0.000564 1647630.625000
930 0.000565 1646414.125000
931 0.000566 1645574.000000
932 0.000552 1687818.750000
933 0.000566 1647990.625000
934 0.000567 1646778.375000
935 0.000568 1645941.375000
936 0.000554 1688019.375000
937 0.000568 1648347.875000
938 0.000569 1647139.750000
939 0.000570 1646305.625000
940 0.000557 1688218.375000
941 0.000571 1648702.000000
942 0.000572 1647498.500000
943 0.000573 1646298.875000
944 0.000559 1688415.625000
945 0.000573 1649053.500000
946 0.000574 1647854.000000
947 0.000575 1646658.750000
948 0.000561 1688611.500000
949 0.000575 1649402.000000
950 0.000576 1648206.750000
951 0.000577 1647015.625000
952 0.000564 1688805.750000
953 0.000578 1649382.500000
954 0.000579 1648192.250000
955 0.000580 1647369.750000
956 0.000566 1688998.125000
957 0.000580 1649726.875000
958 0.000581 1648540.625000
959 0.000582 1647721.000000
960 0.000568 1689189.250000
961 0.000582 1650068.625000
962 0.000583 1649248.375000
963 0.000584 1647708.625000
964 0.000571 1688999.750000
965 0.000585 1650407.750000
966 0.000586 1649229.750000
967 0.000587 1648055.625000
968 0.000573 1689566.625000
969 0.000587 1650384.375000
970 0.000588 1649570.125000
971 0.000589 1648400.125000
972 0.000575 1689377.000000
973 0.000589 1651077.875000
974 0.000590 1649907.750000
975 0.000591 1648742.000000
976 0.000578 1689563.500000
977 0.000592 1651409.125000
978 0.000593 1650243.125000
979 0.000594 1649081.000000
980 0.000580 1689375.500000
981 0.000594 1651381.750000
982 0.000595 1650575.500000
983 0.000596 1649417.500000
984 0.000582 1689931.875000
985 0.000596 1651709.125000
986 0.000597 1650905.375000
987 0.000598 1649398.375000
988 0.000585 1690113.875000
989 0.000599 1652387.125000
990 0.000600 1651232.875000
991 0.000601 1650082.625000
992 0.000587 1689925.750000
993 0.000601 1652356.250000
994 0.000602 1651557.875000
995 0.000603 1650061.125000
996 0.000589 1690473.625000
997 0.000603 1653026.750000
998 0.000604 1651880.250000
999 0.000605 1650388.500000
1000 0.000591 1690651.250000
1001 0.000606 1652644.250000
1002 0.000607 1651851.750000
1003 0.000608 1650713.500000
1004 0.000594 1690463.375000
1005 0.000608 1653308.500000
1006 0.000609 1652518.000000
1007 0.000610 1651036.125000
1008 0.000596 1690639.875000
1009 0.000610 1653621.250000
1010 0.000611 1652486.875000
1011 0.000612 1651356.375000
1012 0.000599 1690814.750000
1013 0.000613 1653585.875000
1014 0.000614 1652801.000000
1015 0.000615 1651674.125000
1016 0.000601 1690988.500000
1017 0.000615 1654239.500000
1018 0.000616 1652769.125000
1019 0.000617 1651989.500000
1020 0.000603 1690802.125000
1021 0.000617 1654202.125000
1022 0.000618 1653421.875000
1023 0.000619 1651961.000000
1024 0.000606 1690974.375000
1025 0.000619 1654848.750000
1026 0.000620 1653729.250000
1027 0.000621 1652613.250000
1028 0.000611 1682289.500000
1029 0.000625 1646336.750000
1030 0.000626 1645241.250000
1031 0.000627 1644149.250000
1032 0.000614 1682140.750000
1033 0.000627 1646330.625000
1034 0.000628 1645574.500000
1035 0.000629 1644486.000000
1036 0.000616 1682692.250000
1037 0.000630 1646659.000000
1038 0.000631 1645905.125000
1039 0.000632 1644820.125000
1040 0.000618 1682542.875000
1041 0.000632 1646985.125000
1042 0.000633 1646233.625000
1043 0.000634 1645151.750000
1044 0.000620 1682742.000000
1045 0.000634 1647308.875000
1046 0.000635 1646559.625000
1047 0.000636 1645481.375000
1048 0.000623 1682939.375000
1049 0.000637 1647630.125000
1050 0.000638 1646552.625000
1051 0.000639 1645808.250000
1052 0.000625 1683135.250000
1053 0.000639 1647949.250000
1054 0.000640 1646875.000000
1055 0.000641 1645804.250000
1056 0.000627 1683329.875000
1057 0.000641 1648266.000000
1058 0.000642 1647195.000000
1059 0.000643 1646127.625000
1060 0.000630 1683523.125000
1061 0.000644 1648580.500000
1062 0.000645 1647512.875000
1063 0.000646 1646448.625000
1064 0.000632 1683714.750000
1065 0.000646 1648566.000000
1066 0.000647 1648154.500000
1067 0.000648 1646767.750000
1068 0.000634 1683905.125000
1069 0.000648 1649202.625000
1070 0.000649 1648141.750000
1071 0.000650 1647084.125000
1072 0.000637 1683755.500000
1073 0.000651 1649186.000000
1074 0.000652 1648129.125000
1075 0.000653 1647398.375000
1076 0.000639 1683944.375000
1077 0.000653 1649492.750000
1078 0.000654 1648439.000000
1079 0.000655 1647710.625000
1080 0.000641 1684467.875000
1081 0.000655 1649797.375000
1082 0.000656 1649068.500000
1083 0.000657 1648020.625000
1084 0.000644 1683982.875000
1085 0.000658 1650099.875000
1086 0.000659 1649052.625000
1087 0.000659 1648328.250000
1088 0.000646 1684502.625000
1089 0.000660 1650400.125000
1090 0.000661 1649675.500000
1091 0.000662 1648634.000000
1092 0.000648 1684686.000000
1093 0.000662 1650698.375000
1094 0.000663 1649657.375000
1095 0.000664 1648619.625000
1096 0.000651 1684536.750000
1097 0.000664 1650994.500000
1098 0.000665 1649956.875000
1099 0.000666 1648922.125000
1100 0.000653 1684718.625000
1101 0.000667 1651288.625000
1102 0.000668 1650254.000000
1103 0.000669 1649222.500000
1104 0.000655 1684899.375000
1105 0.000669 1651580.625000
1106 0.000670 1650234.125000
1107 0.000671 1649520.750000
1108 0.000658 1685078.875000
1109 0.000671 1651870.875000
1110 0.000672 1650842.250000
1111 0.000674 1649503.625000
1112 0.000660 1685257.000000
1113 0.000674 1651845.125000
1114 0.000675 1651133.625000
1115 0.000676 1649798.750000
1116 0.000662 1685108.250000
1117 0.000676 1652132.250000
1118 0.000677 1651110.625000
1119 0.000678 1650403.500000
1120 0.000664 1685609.625000
1121 0.000678 1652417.500000
1122 0.000679 1651398.875000
1123 0.000680 1650693.750000
1124 0.000667 1685784.250000
1125 0.000681 1652700.625000
1126 0.000682 1651685.125000
1127 0.000683 1650672.625000
1128 0.000669 1685957.500000
1129 0.000683 1652672.375000
1130 0.000684 1651969.375000
1131 0.000685 1650960.000000
1132 0.000671 1685808.250000
1133 0.000685 1652952.750000
1134 0.000686 1652252.000000
1135 0.000687 1651245.375000
1136 0.000674 1685980.250000
1137 0.000688 1653231.375000
1138 0.000689 1652225.250000
1139 0.000690 1651528.875000
1140 0.000676 1686151.000000
1141 0.000690 1653815.000000
1142 0.000691 1652505.125000
1143 0.000692 1651810.500000
1144 0.000678 1686320.750000
1145 0.000692 1654088.875000
1146 0.000693 1652782.875000
1147 0.000694 1652090.250000
1148 0.000681 1686489.250000
1149 0.000695 1654056.125000
1150 0.000696 1653058.750000
1151 0.000697 1652368.125000
1152 0.000683 1686656.625000
1153 0.000697 1654327.500000
1154 0.000698 1653333.125000
1155 0.000699 1652341.625000
1156 0.000685 1686823.000000
1157 0.000699 1654596.875000
1158 0.000700 1653605.375000
1159 0.000701 1652918.500000
1160 0.000688 1686674.125000
1161 0.000702 1654864.500000
1162 0.000703 1653875.875000
1163 0.000704 1652890.250000
1164 0.000690 1687152.125000
1165 0.000704 1655130.500000
1166 0.000705 1654144.750000
1167 0.000706 1653161.875000
1168 0.000692 1687003.125000
1169 0.000706 1655394.750000
1170 0.000707 1654411.875000
1171 0.000708 1653431.625000
1172 0.000695 1687166.000000
1173 0.000708 1655657.125000
1174 0.000710 1654378.625000
1175 0.000711 1653699.750000
1176 0.000697 1687327.875000
1177 0.000711 1655619.875000
1178 0.000712 1654643.125000
1179 0.000713 1653669.125000
1180 0.000699 1687488.625000
1181 0.000713 1655879.750000
1182 0.000714 1654905.875000
1183 0.000715 1653934.750000
1184 0.000702 1687648.125000
1185 0.000716 1656138.250000
1186 0.000717 1655167.000000
1187 0.000718 1654198.625000
1188 0.000704 1687500.000000
1189 0.000718 1656395.000000
1190 0.000719 1655721.250000
1191 0.000720 1654460.750000
1192 0.000706 1687964.500000
1193 0.000720 1656649.875000
1194 0.000721 1655684.250000
1195 0.000722 1654721.375000
1196 0.000708 1688121.000000
1197 0.000722 1656903.250000
1198 0.000723 1655940.250000
1199 0.000724 1654980.250000
1200 0.000711 1688276.625000
1201 0.000725 1656862.500000
1202 0.000726 1656194.875000
1203 0.000727 1655237.375000
1204 0.000713 1688128.125000
1205 0.000727 1657405.375000
1206 0.000728 1656156.625000
1207 0.000729 1655492.875000
1208 0.000716 1688282.625000
1209 0.000729 1657363.250000
1210 0.000730 1656699.000000
1211 0.000732 1655457.125000
1212 0.000718 1688436.250000
1213 0.000732 1657611.125000
1214 0.000733 1656948.875000
1215 0.000734 1655999.250000
1216 0.000720 1688588.625000
1217 0.000734 1657857.375000
1218 0.000735 1656908.375000
1219 0.000736 1656250.000000
1220 0.000722 1688740.125000
1221 0.000736 1658102.375000
1222 0.000737 1657155.875000
1223 0.000738 1656499.250000
1224 0.000725 1688592.625000
1225 0.000739 1658345.625000
1226 0.000740 1657401.875000
1227 0.000741 1656460.500000
1228 0.000727 1689040.500000
1229 0.000741 1658301.000000
1230 0.000742 1657360.250000
1231 0.000743 1656707.625000
1232 0.000729 1689189.125000
1233 0.000743 1658542.125000
1234 0.000744 1657889.125000
1235 0.000745 1656953.125000
1236 0.000732 1689041.500000
1237 0.000746 1658781.750000
1238 0.000747 1657846.250000
1239 0.000748 1656913.375000
1240 0.000734 1689189.125000
1241 0.000748 1659020.000000
1242 0.000749 1658087.000000
1243 0.000750 1657439.375000
1244 0.000736 1689336.125000
1245 0.000750 1659256.750000
1246 0.000751 1658326.250000
1247 0.000752 1657680.500000
1248 0.000739 1689481.875000
1249 0.000753 1659491.875000
1250 0.000754 1658564.000000
1251 0.000755 1657638.500000
1252 0.000741 1689626.875000
1253 0.000755 1659725.625000
1254 0.000756 1658800.375000
1255 0.000757 1658157.750000
1256 0.000743 1689770.875000
1257 0.000757 1659958.250000
1258 0.000758 1659035.250000
1259 0.000759 1658114.875000
1260 0.000746 1689914.250000
1261 0.000760 1659909.500000
1262 0.000761 1659268.750000
1263 0.000762 1658350.750000
1264 0.000748 1689767.375000
1265 0.000762 1660418.750000
1266 0.000763 1659500.750000
1267 0.000764 1658585.500000
1268 0.000750 1689909.625000
1269 0.000764 1660368.875000
1270 0.000765 1659731.500000
1271 0.000766 1658818.500000
1272 0.000753 1690338.625000
1273 0.000766 1660873.875000
1274 0.000768 1659684.125000
1275 0.000769 1659050.125000
1276 0.000755 1690191.500000
1277 0.000769 1660822.875000
1278 0.000770 1660188.750000
1279 0.000771 1659280.375000
1280 0.000757 1690331.375000
1281 0.000771 1661047.750000
1282 0.000772 1660140.125000
1283 0.000773 1659509.625000
1284 0.000760 1690470.125000
1285 0.000774 1661271.250000
1286 0.000775 1660366.000000
1287 0.000775 1659737.125000
1288 0.000762 1690608.125000
1289 0.000776 1661493.500000
1290 0.000777 1660590.750000
1291 0.000778 1659963.250000
1292 0.000764 1690745.500000
1293 0.000778 1661714.500000
1294 0.000779 1660814.000000
1295 0.000780 1659915.875000
1296 0.000767 1690599.375000
1297 0.000781 1661661.625000
1298 0.000782 1660764.000000
1299 0.000782 1660140.125000
1300 0.000769 1690735.875000
1301 0.000783 1661880.750000
1302 0.000784 1661256.750000
1303 0.000785 1660363.375000
1304 0.000771 1690871.375000
1305 0.000785 1662098.500000
1306 0.000786 1661205.625000
1307 0.000787 1660315.000000
1308 0.000774 1691006.125000
1309 0.000787 1662315.125000
1310 0.000788 1661424.500000
1311 0.000789 1660805.375000
1312 0.000776 1691140.125000
1313 0.000790 1662530.500000
1314 0.000791 1661642.125000
1315 0.000792 1660756.125000
1316 0.000778 1691273.250000
1317 0.000792 1662744.375000
1318 0.000793 1661858.500000
1319 0.000794 1660974.625000
1320 0.000780 1691405.625000
1321 0.000794 1662957.125000
1322 0.000795 1662073.625000
1323 0.000796 1661192.250000
1324 0.000783 1691260.625000
1325 0.000797 1663168.750000
1326 0.000798 1662287.375000
1327 0.000799 1661408.250000
1328 0.000785 1691392.250000
1329 0.000799 1663112.750000
1330 0.000800 1662499.875000
1331 0.000801 1661623.125000
1332 0.000787 1691798.125000
1333 0.000801 1663322.625000
1334 0.000802 1662711.375000
1335 0.000803 1661836.750000
1336 0.000790 1691653.250000
1337 0.000804 1663531.250000
1338 0.000805 1662657.000000
1339 0.000806 1662049.250000
1340 0.000792 1691782.500000
1341 0.000806 1663738.625000
1342 0.000807 1663130.500000
1343 0.000808 1661997.000000
1344 0.000794 1691911.000000
1345 0.000808 1663945.000000
1346 0.000809 1663075.250000
1347 0.000810 1662470.375000
1348 0.000797 1691767.000000
1349 0.000811 1664150.125000
1350 0.000812 1663282.500000
1351 0.000813 1662417.250000
1352 0.000799 1691895.000000
1353 0.000813 1664354.000000
1354 0.000814 1663488.750000
1355 0.000815 1662886.875000
1356 0.000801 1692292.250000
1357 0.000815 1664295.500000
1358 0.000816 1663693.750000
1359 0.000817 1662832.875000
1360 0.000804 1692148.375000
1361 0.000818 1664758.500000
1362 0.000819 1663897.500000
1363 0.000820 1663038.750000
1364 0.000806 1692542.875000
1365 0.000820 1664699.125000
1366 0.000821 1664100.125000
1367 0.000822 1662984.750000
1368 0.000808 1692399.000000
1369 0.000822 1664899.250000
1370 0.000823 1664043.000000
1371 0.000824 1663447.375000
1372 0.000811 1692523.375000
1373 0.000825 1665098.125000
1374 0.000826 1664244.125000
1375 0.000826 1663649.875000
1376 0.000813 1692646.750000
1377 0.000827 1665296.125000
1378 0.000828 1664701.500000
1379 0.000829 1663594.500000
1380 0.000815 1692769.625000
1381 0.000829 1665492.750000
1382 0.000830 1664643.000000
1383 0.000831 1663795.375000
1384 0.000817 1693156.875000
1385 0.000831 1665688.500000
1386 0.000833 1664840.750000
1387 0.000834 1663995.250000
1388 0.000820 1692749.000000
1389 0.000834 1665883.125000
1390 0.000835 1665037.625000
1391 0.000836 1664194.125000
1392 0.000822 1693397.750000
1393 0.000836 1665566.625000
1394 0.000837 1665233.250000
1395 0.000838 1664391.875000
1396 0.000824 1693517.000000
1397 0.000839 1665760.375000
1398 0.000839 1665427.625000
1399 0.000840 1664588.375000
1400 0.000827 1693111.500000
1401 0.000841 1665953.125000
1402 0.000842 1665114.750000
1403 0.000843 1664784.000000
1404 0.000829 1693230.875000
1405 0.000843 1666650.875000
1406 0.000844 1665813.625000
1407 0.000845 1664978.500000
1408 0.000831 1693871.250000
1409 0.000845 1666840.125000
1410 0.000846 1666005.000000
1411 0.000847 1665171.875000
1412 0.000834 1693468.000000
1413 0.000848 1667028.500000
1414 0.000849 1666195.250000
1415 0.000850 1665364.250000
1416 0.000836 1693585.375000
1417 0.000850 1666713.750000
1418 0.000851 1665883.500000
1419 0.000852 1665555.500000
1420 0.000839 1693185.250000
1421 0.000852 1666901.250000
1422 0.000854 1666073.000000
1423 0.000855 1665246.750000
1424 0.000841 1693818.500000
1425 0.000855 1667087.750000
1426 0.000856 1666261.500000
1427 0.000857 1665935.000000
1428 0.000843 1693934.125000
1429 0.000857 1667273.375000
1430 0.000858 1666449.125000
1431 0.000859 1665626.875000
1432 0.000845 1694049.000000
1433 0.000859 1667458.000000
1434 0.000860 1667131.750000
1435 0.000861 1665815.375000
1436 0.000848 1694163.375000
1437 0.000862 1667641.500000
1438 0.000863 1666821.250000
1439 0.000863 1666496.750000
1440 0.000850 1694277.125000
1441 0.000864 1667824.125000
1442 0.000865 1667005.750000
1443 0.000866 1666189.500000
1444 0.000852 1694390.250000
1445 0.000866 1668005.750000
1446 0.000867 1667189.375000
1447 0.000868 1666866.250000
1448 0.000855 1693995.125000
1449 0.000869 1668186.375000
1450 0.000870 1667372.000000
1451 0.000871 1666559.500000
1452 0.000857 1694108.375000
1453 0.000871 1668366.000000
1454 0.000872 1667553.500000
1455 0.000873 1666743.125000
1456 0.000859 1694221.000000
1457 0.000873 1668544.875000
1458 0.000874 1667734.250000
1459 0.000875 1667413.375000
1460 0.000862 1694333.000000
1461 0.000876 1668722.625000
1462 0.000877 1667427.000000
1463 0.000878 1667107.250000
1464 0.000864 1694444.500000
1465 0.000878 1668899.375000
1466 0.000879 1668092.750000
1467 0.000880 1666803.000000
1468 0.000866 1694555.250000
1469 0.000880 1669075.375000
1470 0.000881 1668270.625000
1471 0.000882 1667467.750000
1472 0.000869 1694665.500000
1473 0.000882 1669250.500000
1474 0.000883 1668447.625000
1475 0.000884 1667646.500000
1476 0.000871 1694775.125000
1477 0.000885 1669424.500000
1478 0.000886 1668623.500000
1479 0.000887 1667824.375000
1480 0.000873 1694387.500000
1481 0.000887 1669597.750000
1482 0.000888 1668317.625000
1483 0.000889 1668001.375000
1484 0.000876 1694992.750000
1485 0.000890 1669289.625000
1486 0.000890 1668972.750000
1487 0.000891 1668177.375000
1488 0.000878 1694606.375000
1489 0.000892 1669462.250000
1490 0.000893 1669146.125000
1491 0.000894 1668352.500000
1492 0.000880 1694715.000000
1493 0.000894 1670112.000000
1494 0.000895 1668841.125000
1495 0.000896 1668526.750000
1496 0.000882 1695314.750000
1497 0.000897 1669804.875000
1498 0.000898 1669013.875000
1499 0.000899 1668224.750000
1500 0.000885 1694930.500000
1501 0.000899 1669974.750000
1502 0.000900 1669185.625000
1503 0.000901 1668398.250000
1504 0.000887 1695526.750000
1505 0.000901 1670143.750000
1506 0.000902 1669356.500000
1507 0.000903 1668571.125000
1508 0.000889 1695631.875000
1509 0.000903 1670312.000000
1510 0.000904 1669526.625000
1511 0.000905 1668743.000000
1512 0.000892 1695249.750000
1513 0.000906 1670007.500000
1514 0.000907 1669695.750000
1515 0.000908 1668913.875000
1516 0.000894 1695840.375000
1517 0.000908 1670646.000000
1518 0.000909 1669864.125000
1519 0.000910 1669084.000000
1520 0.000897 1695459.875000
1521 0.000910 1670811.625000
1522 0.000911 1670031.500000
1523 0.000912 1669253.375000
1524 0.000899 1695564.000000
1525 0.000913 1670976.625000
1526 0.000914 1670198.250000
1527 0.000915 1669421.750000
1528 0.000901 1695667.625000
1529 0.000915 1670673.125000
1530 0.000916 1670364.125000
1531 0.000917 1669589.250000
1532 0.000903 1695770.625000
1533 0.000917 1671303.750000
1534 0.000918 1670529.000000
1535 0.000919 1669756.000000
1536 0.000906 1695873.375000
1537 0.000920 1671000.875000
1538 0.000921 1670693.125000
1539 0.000922 1669921.875000
1540 0.000911 1690257.000000
1541 0.000925 1665614.625000
1542 0.000926 1664852.750000
1543 0.000927 1664092.625000
1544 0.000913 1690372.750000
1545 0.000927 1665789.750000
1546 0.000929 1665029.750000
1547 0.000930 1664271.250000
1548 0.000916 1690015.375000
1549 0.000930 1665964.000000
1550 0.000931 1664747.750000
1551 0.000932 1664448.875000
1552 0.000918 1690131.000000
1553 0.000932 1665679.875000
1554 0.000933 1665380.625000
1555 0.000934 1664625.500000
1556 0.000921 1690246.125000
1557 0.000935 1665853.500000
1558 0.000936 1665099.125000
1559 0.000937 1664346.500000
1560 0.000923 1690360.625000
1561 0.000937 1666026.375000
1562 0.000938 1665728.250000
1563 0.000939 1664976.500000
1564 0.000925 1690474.500000
1565 0.000939 1666652.375000
1566 0.000940 1665447.125000
1567 0.000941 1665150.625000
1568 0.000927 1690587.875000
1569 0.000942 1666369.250000
1570 0.000943 1665619.875000
1571 0.000943 1665324.000000
1572 0.000930 1690700.750000
1573 0.000944 1666539.625000
1574 0.000945 1665791.875000
1575 0.000946 1665496.375000
1576 0.000932 1690348.625000
1577 0.000946 1666708.875000
1578 0.000947 1665962.875000
1579 0.000948 1665218.375000
1580 0.000934 1690924.625000
1581 0.000948 1666877.625000
1582 0.000949 1666582.375000
1583 0.000950 1665838.750000
1584 0.000937 1691035.875000
1585 0.000951 1667045.250000
1586 0.000952 1666302.500000
1587 0.000953 1665561.250000
1588 0.000939 1691146.375000
1589 0.000953 1667212.250000
1590 0.000954 1666471.000000
1591 0.000955 1666178.000000
1592 0.000942 1690796.625000
1593 0.000955 1667378.375000
1594 0.000956 1666638.750000
1595 0.000957 1665900.750000
1596 0.000944 1691366.000000
1597 0.000958 1667543.750000
1598 0.000959 1666360.750000
1599 0.000959 1666513.875000
1600 0.000946 1691017.250000
1601 0.000960 1667708.375000
1602 0.000961 1666972.000000
1603 0.000962 1666237.000000
1604 0.000948 1691126.875000
1605 0.000962 1667872.125000
1606 0.000963 1667137.250000
1607 0.000964 1666404.000000
1608 0.000951 1691691.375000
1609 0.000965 1668035.125000
1610 0.000966 1667301.750000
1611 0.000967 1666570.125000
1612 0.000953 1691344.375000
1613 0.000967 1668197.375000
1614 0.000968 1667465.625000
1615 0.000969 1666735.500000
1616 0.000955 1691452.250000
1617 0.000969 1667918.250000
1618 0.000970 1667628.625000
1619 0.000971 1666900.000000
1620 0.000958 1691559.750000
1621 0.000972 1668519.375000
1622 0.000973 1667790.875000
1623 0.000974 1667063.875000
1624 0.000960 1691666.750000
1625 0.000974 1668240.750000
1626 0.000975 1667952.375000
1627 0.000976 1666789.625000
1628 0.000962 1691773.000000
1629 0.000976 1668401.000000
1630 0.000977 1667676.125000
1631 0.000978 1667389.125000
1632 0.000965 1691879.000000
1633 0.000979 1668560.375000
1634 0.000980 1667837.125000
1635 0.000980 1667550.625000
1636 0.000967 1691536.625000
1637 0.000981 1668719.000000
1638 0.000982 1668432.250000
1639 0.000983 1667711.375000
1640 0.000969 1692089.250000
1641 0.000983 1668877.000000
1642 0.000984 1668156.750000
1643 0.000985 1667871.375000
1644 0.000972 1692193.625000
1645 0.000985 1669467.875000
1646 0.000987 1668315.375000
1647 0.000988 1667598.125000
1648 0.000974 1692297.625000
1649 0.000988 1669190.500000
1650 0.000989 1668473.250000
1651 0.000990 1667757.625000
1652 0.000976 1691957.250000
1653 0.000990 1669346.250000
1654 0.000991 1668630.500000
1655 0.000992 1667916.375000
1656 0.000979 1692061.250000
1657 0.000993 1669501.250000
1658 0.000994 1668787.125000
1659 0.000995 1668074.375000
1660 0.000981 1692164.750000
1661 0.000995 1669655.625000
1662 0.000996 1668942.750000
1663 0.000997 1668660.000000
1664 0.000983 1692267.750000
1665 0.000997 1669809.000000
1666 0.000998 1669098.000000
1667 0.000999 1668388.000000
1668 0.000986 1692370.250000
1669 0.000999 1669961.875000
1670 0.001000 1669252.125000
1671 0.001001 1668543.875000
1672 0.000988 1692910.750000
1673 0.001002 1669687.375000
1674 0.001003 1669405.875000
1675 0.001004 1668699.000000
1676 0.000990 1692573.625000
1677 0.001004 1669839.750000
1678 0.001005 1669558.625000
1679 0.001006 1668853.250000
1680 0.000993 1692674.750000
1681 0.001006 1670416.375000
1682 0.001007 1669711.000000
1683 0.001008 1669007.000000
1684 0.000995 1692775.375000
1685 0.001009 1670142.375000
1686 0.001010 1669439.125000
1687 0.001011 1669160.125000
1688 0.000997 1692875.375000
1689 0.001011 1670715.625000
1690 0.001012 1669590.875000
1691 0.001013 1669312.250000
1692 0.000999 1692975.125000
1693 0.001014 1670442.375000
1694 0.001014 1670163.500000
1695 0.001015 1669463.875000
1696 0.001002 1692641.750000
1697 0.001016 1670591.375000
1698 0.001017 1669892.500000
1699 0.001018 1669195.000000
1700 0.001004 1693173.125000
1701 0.001018 1670739.625000
1702 0.001019 1670461.625000
1703 0.001020 1669764.875000
1704 0.001007 1692840.625000
1705 0.001020 1670887.125000
1706 0.001021 1670191.125000
1707 0.001022 1669496.375000
1708 0.001009 1693369.250000
1709 0.001022 1671452.500000
1710 0.001024 1670339.500000
1711 0.001025 1670063.250000
1712 0.001011 1693038.125000
1713 0.001025 1671180.250000
1714 0.001026 1670487.250000
1715 0.001027 1669795.375000
1716 0.001014 1693135.875000
1717 0.001027 1671326.125000
1718 0.001028 1670634.125000
1719 0.001029 1669943.625000
1720 0.001016 1693233.375000
1721 0.001030 1671471.125000
1722 0.001031 1670780.625000
1723 0.001031 1670506.000000
1724 0.001018 1693330.500000
1725 0.001032 1671200.625000
1726 0.001033 1671340.500000
1727 0.001034 1670652.250000
1728 0.001020 1693852.125000
1729 0.001034 1671759.000000
1730 0.001035 1671071.375000
1731 0.001036 1670385.125000
1732 0.001023 1693523.125000
1733 0.001037 1671489.250000
1734 0.001038 1671215.875000
1735 0.001039 1670531.000000
1736 0.001025 1693618.750000
1737 0.001039 1672044.250000
1738 0.001040 1671359.500000
1739 0.001041 1670676.000000
1740 0.001027 1693714.250000
1741 0.001041 1672186.125000
1742 0.001042 1671502.625000
1743 0.001043 1670820.500000
1744 0.001030 1693809.125000
1745 0.001044 1671917.125000
1746 0.001044 1671645.250000
1747 0.001046 1670555.375000
1748 0.001032 1693903.500000
1749 0.001046 1672058.500000
1750 0.001047 1671787.125000
1751 0.001048 1671107.500000
1752 0.001034 1693997.500000
1753 0.001048 1672607.875000
1754 0.001049 1671520.500000
1755 0.001050 1670843.000000
1756 0.001037 1694091.125000
1757 0.001051 1672339.375000
1758 0.001052 1671661.875000
1759 0.001053 1670985.750000
1760 0.001039 1693767.000000
1761 0.001053 1672885.750000
1762 0.001054 1672209.000000
1763 0.001055 1671533.625000
1764 0.001041 1693860.750000
1765 0.001055 1672618.000000
1766 0.001056 1672348.500000
1767 0.001057 1671674.500000
1768 0.001043 1694369.625000
1769 0.001058 1672756.250000
1770 0.001059 1672082.875000
1771 0.001060 1671410.750000
1772 0.001046 1694461.500000
1773 0.001060 1672894.125000
1774 0.001061 1672222.000000
1775 0.001062 1671954.000000
1776 0.001048 1694139.000000
1777 0.001062 1673031.000000
1778 0.001063 1672360.250000
1779 0.001064 1671690.750000
1780 0.001050 1694644.250000
1781 0.001064 1673167.625000
1782 0.001065 1672498.125000
1783 0.001066 1671830.000000
1784 0.001053 1694734.875000
1785 0.001067 1673303.625000
1786 0.001068 1672234.500000
1787 0.001069 1672369.125000
1788 0.001055 1694825.250000
1789 0.001069 1673439.000000
1790 0.001070 1672772.000000
1791 0.001071 1672106.375000
1792 0.001057 1694915.250000
1793 0.001071 1673573.875000
1794 0.001072 1672908.250000
1795 0.001073 1672243.875000
1796 0.001060 1694595.500000
1797 0.001074 1673708.125000
1798 0.001075 1673043.875000
1799 0.001076 1672380.875000
1800 0.001062 1694685.375000
1801 0.001076 1673443.375000
1802 0.001077 1673178.625000
1803 0.001078 1672516.875000
1804 0.001064 1694775.125000
1805 0.001078 1673974.625000
1806 0.001079 1673313.000000
1807 0.001080 1672652.625000
1808 0.001067 1694864.375000
1809 0.001081 1674107.125000
1810 0.001082 1673050.750000
1811 0.001083 1672787.625000
1812 0.001069 1694953.375000
1813 0.001083 1673843.375000
1814 0.001084 1673184.875000
1815 0.001085 1672527.500000
1816 0.001071 1695041.875000
1817 0.001085 1673975.500000
1818 0.001086 1673318.125000
1819 0.001087 1673056.000000
1820 0.001074 1695130.000000
1821 0.001088 1674107.125000
1822 0.001089 1673451.125000
1823 0.001090 1673189.375000
1824 0.001076 1694814.375000
1825 0.001090 1674631.500000
1826 0.001091 1673583.375000
1827 0.001092 1672929.875000
1828 0.001078 1695305.125000
1829 0.001092 1674368.625000
1830 0.001093 1673715.000000
1831 0.001094 1673454.375000
1832 0.001081 1694990.500000
1833 0.001095 1674498.750000
1834 0.001096 1673846.250000
1835 0.001096 1673586.125000
1836 0.001083 1695078.125000
1837 0.001097 1675018.875000
1838 0.001098 1673977.125000
1839 0.001099 1673717.000000
1840 0.001085 1695565.125000
1841 0.001099 1674756.875000
1842 0.001100 1674107.125000
1843 0.001101 1673458.625000
1844 0.001087 1695650.875000
1845 0.001102 1674885.250000
1846 0.001103 1674236.750000
1847 0.001104 1673589.375000
1848 0.001090 1695338.250000
1849 0.001104 1675013.125000
1850 0.001105 1674365.750000
1851 0.001106 1674107.000000
1852 0.001092 1695424.000000
1853 0.001106 1675140.250000
1854 0.001107 1674494.125000
1855 0.001108 1673849.250000
1856 0.001095 1695509.875000
1857 0.001108 1675267.125000
1858 0.001110 1674622.125000
1859 0.001111 1673978.500000
1860 0.001097 1695595.250000
1861 0.001111 1675393.250000
1862 0.001112 1674749.625000
1863 0.001113 1674107.125000
1864 0.001099 1696075.000000
1865 0.001113 1675518.875000
1866 0.001114 1674491.750000
1867 0.001115 1674235.125000
1868 0.001101 1696158.750000
1869 0.001115 1675644.125000
1870 0.001117 1674618.750000
1871 0.001117 1674362.875000
1872 0.001104 1695848.875000
1873 0.001118 1675768.625000
1874 0.001119 1675128.625000
1875 0.001120 1674490.000000
1876 0.001106 1695932.625000
1877 0.001120 1675510.000000
1878 0.001121 1674871.750000
1879 0.001122 1674616.375000
1880 0.001108 1696016.250000
1881 0.001122 1676016.500000
1882 0.001124 1674997.125000
1883 0.001124 1674742.500000
1884 0.001111 1696099.375000
1885 0.001125 1675758.125000
1886 0.001126 1675503.000000
1887 0.001127 1674487.500000
1888 0.001113 1696182.125000
1889 0.001127 1676262.250000
1890 0.001128 1675246.875000
1891 0.001129 1674613.250000
1892 0.001116 1695875.250000
1893 0.001129 1676004.250000
1894 0.001130 1675370.750000
1895 0.001131 1675117.375000
1896 0.001118 1696346.750000
1897 0.001132 1676505.875000
1898 0.001133 1675494.375000
1899 0.001134 1674863.125000
1900 0.001120 1696041.000000
1901 0.001134 1676248.625000
1902 0.001135 1675617.375000
1903 0.001136 1675364.875000
1904 0.001123 1696123.125000
1905 0.001136 1676370.000000
1906 0.001137 1675740.000000
1907 0.001138 1675110.875000
1908 0.001125 1696591.000000
1909 0.001139 1676490.875000
1910 0.001140 1675862.125000
1911 0.001141 1675234.375000
1912 0.001127 1696286.500000
1913 0.001141 1676611.125000
1914 0.001142 1675983.500000
1915 0.001143 1675357.125000
1916 0.001129 1696367.750000
1917 0.001143 1676731.125000
1918 0.001144 1676104.625000
1919 0.001145 1675479.125000
1920 0.001132 1696448.750000
1921 0.001146 1676850.625000
1922 0.001147 1676225.250000
1923 0.001148 1675600.875000
1924 0.001134 1696529.375000
1925 0.001148 1676969.375000
1926 0.001149 1676345.125000
1927 0.001150 1675722.000000
1928 0.001136 1696609.625000
1929 0.001150 1677088.000000
1930 0.001151 1676464.750000
1931 0.001152 1675842.875000
1932 0.001138 1697071.000000
1933 0.001153 1677206.125000
1934 0.001154 1676584.125000
1935 0.001155 1675963.125000
1936 0.001141 1696769.125000
1937 0.001155 1677323.500000
1938 0.001156 1676702.625000
1939 0.001157 1676083.000000
1940 0.001143 1696848.375000
1941 0.001157 1677069.375000
1942 0.001158 1676450.125000
1943 0.001159 1675832.250000
1944 0.001146 1696927.375000
1945 0.001159 1677557.125000
1946 0.001160 1676938.625000
1947 0.001162 1675951.625000
1948 0.001148 1697005.875000
1949 0.001162 1677303.750000
1950 0.001163 1676686.750000
1951 0.001164 1676070.750000
1952 0.001150 1697084.375000
1953 0.001164 1677788.875000
1954 0.001165 1676804.125000
1955 0.001166 1676557.375000
1956 0.001153 1697162.500000
1957 0.001167 1677535.875000
1958 0.001167 1677288.875000
1959 0.001168 1676674.875000
1960 0.001155 1697240.125000
1961 0.001169 1678018.875000
1962 0.001170 1677037.750000
1963 0.001171 1676791.625000
1964 0.001157 1696941.875000
1965 0.001171 1677766.250000
1966 0.001172 1677153.750000
1967 0.001173 1676542.375000
1968 0.001159 1697394.625000
1969 0.001174 1677880.875000
1970 0.001175 1677269.500000
1971 0.001175 1677024.500000
1972 0.001162 1697097.500000
1973 0.001176 1677995.125000
1974 0.001177 1677384.750000
1975 0.001178 1676775.375000
1976 0.001164 1697547.750000
1977 0.001178 1678108.750000
1978 0.001179 1677499.500000
1979 0.001180 1676891.125000
1980 0.001166 1697624.000000
1981 0.001180 1678222.000000
1982 0.001181 1677613.875000
1983 0.001182 1677006.750000
1984 0.001169 1697328.125000
1985 0.001183 1678334.750000
1986 0.001184 1677727.750000
1987 0.001185 1677121.750000
1988 0.001171 1697404.250000
1989 0.001185 1678447.000000
1990 0.001186 1677478.875000
1991 0.001187 1677236.125000
1992 0.001174 1697480.250000
1993 0.001188 1678197.000000
1994 0.001188 1677954.000000
1995 0.001189 1677350.125000
1996 0.001176 1697925.750000
1997 0.001190 1678670.250000
1998 0.001191 1678066.625000
1999 0.001192 1677463.750000
2000 0.001178 1697631.500000
2001 0.001192 1678781.500000
2002 0.001193 1678178.500000
2003 0.001194 1677576.875000
2004 0.001180 1697706.625000
2005 0.001194 1678532.125000
2006 0.001195 1678290.375000
2007 0.001196 1677689.625000
2008 0.001183 1697781.500000
2009 0.001197 1678643.000000
2010 0.001198 1678401.500000
2011 0.001199 1677802.125000
2012 0.001185 1697855.875000
2013 0.001199 1678753.500000
2014 0.001200 1678512.375000
2015 0.001201 1677913.875000
2016 0.001188 1697564.125000
2017 0.001201 1679221.250000
2018 0.001202 1678265.250000
2019 0.001203 1677668.250000
2020 0.001190 1698003.875000
2021 0.001203 1679330.125000
2022 0.001205 1678376.125000
2023 0.001206 1677779.875000
2024 0.001192 1698077.750000
2025 0.001206 1679082.250000
2026 0.001207 1678842.250000
2027 0.001208 1678246.875000
2028 0.001194 1698151.250000
2029 0.001208 1679190.875000
2030 0.001209 1678596.000000
2031 0.001210 1678002.000000
2032 0.001197 1698224.125000
2033 0.001211 1679299.250000
2034 0.001212 1678705.375000
2035 0.001213 1678112.500000
2036 0.001199 1698297.000000
2037 0.001213 1679407.000000
2038 0.001214 1678814.375000
2039 0.001215 1678222.500000
2040 0.001201 1698007.750000
2041 0.001215 1679514.625000
2042 0.001216 1678922.750000
2043 0.001217 1678332.000000
2044 0.001204 1698080.625000
2045 0.001218 1679621.875000
2046 0.001219 1679031.000000
2047 0.001220 1678441.125000
Launching execution with command:
gap8-openocd -d0 -c 'gdb_port disabled; telnet_port disabled; tcl_port disabled' -f interface/ftdi/gapuino_ftdi.cfg -f target/gap8revb.tcl -f tcl/jtag_boot_entry.tcl -c 'gap8_jtag_load_binary_and_start "/home/gap8/gap_sdk/Transfer_GAP8-_test_Memory/BUILD/GAP8_V3/GCC_RISCV_PULPOS/test_mem" elf 0x1c000080'
